[[ 5.30667603e-06  9.99995917e-01 -6.13927841e-06]
 [ 5.31598926e-06 -6.07967377e-06  9.99995798e-01]
 [ 1.00000536e+00 -4.50015068e-06 -4.82797623e-06]
 [ 5.17442822e-06 -4.35113907e-06  9.99996871e-01]
 [ 5.05335629e-06 -3.99351120e-06  9.99996781e-01]
 [ 1.00000517e+00 -3.60608101e-06 -6.22868538e-06]
 [ 1.00000512e+00 -3.12924385e-06 -5.06639481e-06]
 [ 5.07943332e-06  9.99995708e-01 -5.24520874e-06]
 [ 5.48921525e-06 -4.88758087e-06  9.99994934e-01]
 [ 5.22658229e-06 -4.08291817e-06  9.99994993e-01]
 [ 5.11482358e-06 -4.14252281e-06  9.99996275e-01]
 [ 5.16511500e-06 -3.54647636e-06  9.99995112e-01]
 [ 1.00000510e+00 -4.29153442e-06 -6.16908073e-06]
 [ 5.26942313e-06 -3.57627869e-06  9.99994606e-01]
 [ 5.20236790e-06 -5.33461571e-06  9.99995708e-01]
 [ 5.15393913e-06 -4.38094139e-06  9.99995530e-01]
 [ 5.21540642e-06 -3.78489494e-06  9.99995112e-01]
 [ 5.26942313e-06  9.99995321e-01 -4.52995300e-06]
 [ 5.36069274e-06 -5.03659248e-06  9.99994546e-01]
 [ 5.19119203e-06 -4.05311584e-06  9.99994755e-01]
 [ 1.00000525e+00 -4.67896461e-06 -2.50339508e-06]
 [ 5.13345003e-06  9.99996245e-01 -4.91738319e-06]
 [ 5.24893403e-06  9.99995023e-01 -4.44054604e-06]
 [ 5.37373126e-06 -5.12599945e-06  9.99996543e-01]
 [ 5.17442822e-06  9.99996215e-01 -5.36441803e-06]
 [ 5.13717532e-06  9.99997526e-01 -4.05311584e-06]
 [ 1.00000500e+00 -5.24520874e-06 -5.54323196e-06]
 [ 1.00000486e+00 -1.96695328e-06 -3.45706940e-06]
 [ 5.13531268e-06 -3.21865082e-06  9.99995351e-01]
 [ 5.23589551e-06 -4.08291817e-06  9.99995977e-01]
 [ 5.10737300e-06 -4.58955765e-06  9.99994934e-01]
 [ 1.00000525e+00 -3.54647636e-06 -3.90410423e-06]
 [ 5.15766442e-06  9.99995768e-01 -6.07967377e-06]
 [ 1.00000498e+00 -3.69548798e-06 -4.35113907e-06]
 [ 5.36255538e-06 -5.51342964e-06  9.99994874e-01]
 [ 1.00000533e+00 -4.85777855e-06 -3.21865082e-06]
 [ 5.65312803e-06  9.99996006e-01 -3.99351120e-06]
 [ 5.50784171e-06  9.99996662e-01 -3.60608101e-06]
 [ 1.00000507e+00 -5.39422035e-06 -5.42402267e-06]
 [ 5.39049506e-06  9.99996960e-01 -5.03659248e-06]
 [ 5.52274287e-06  9.99996215e-01 -4.38094139e-06]
 [ 5.30667603e-06  9.99993265e-01 -3.54647636e-06]
 [ 5.59724867e-06  9.99994695e-01 -6.07967377e-06]
 [ 5.45196235e-06  9.99993861e-01 -2.11596489e-06]
 [ 1.00000509e+00 -5.00679016e-06 -2.74181366e-06]
 [ 5.37931919e-06 -3.15904617e-06  9.99995917e-01]
 [ 1.00000536e+00 -5.54323196e-06 -4.55975533e-06]
 [ 1.00000513e+00 -4.52995300e-06 -3.36766243e-06]
 [ 5.13158739e-06  9.99993682e-01 -3.30805779e-06]
 [ 5.20236790e-06  9.99994248e-01 -3.24845314e-06]
 [ 5.29363751e-06 -6.58631325e-06  9.99997586e-01]
 [ 5.64008951e-06  9.99993742e-01 -5.54323196e-06]
 [ 5.38118184e-06  9.99993145e-01 -5.03659248e-06]
 [ 5.47058880e-06  9.99996096e-01 -4.85777855e-06]
 [ 5.17070293e-06 -5.48362732e-06  9.99995410e-01]
 [ 5.20795584e-06 -3.18884850e-06  9.99994189e-01]
 [ 5.63263893e-06  9.99994159e-01 -4.47034836e-06]
 [ 5.03472984e-06  9.99995053e-01 -2.68220901e-06]
 [ 5.37000597e-06 -5.96046448e-06  9.99995351e-01]
 [ 5.28991222e-06 -6.49690628e-06  9.99996275e-01]
 [ 5.36441803e-06 -4.50015068e-06  9.99996066e-01]
 [ 5.14648855e-06 -5.51342964e-06  9.99996126e-01]
 [ 5.20423055e-06 -4.76837158e-06  9.99997377e-01]
 [ 5.26569784e-06  9.99995947e-01 -5.75184822e-06]
 [ 1.00000545e+00 -4.29153442e-06 -4.47034836e-06]
 [ 1.00000530e+00 -4.11272049e-06 -3.63588333e-06]
 [ 5.42961061e-06 -5.84125519e-06  9.99996454e-01]
 [ 5.45568764e-06  9.99996930e-01 -4.67896461e-06]
 [ 1.00000513e+00 -4.55975533e-06 -4.02331352e-06]
 [ 1.00000526e+00 -6.52670860e-06 -1.87754631e-06]
 [ 5.68106771e-06  9.99996454e-01 -4.26173210e-06]
 [ 5.44078648e-06 -5.90085983e-06  9.99995738e-01]
 [ 1.00000525e+00 -4.17232513e-06 -3.27825546e-06]
 [ 5.29177487e-06  9.99994427e-01 -3.03983688e-06]
 [ 5.23217022e-06  9.99994904e-01 -3.39746475e-06]
 [ 1.00000505e+00 -6.73532486e-06 -2.11596489e-06]
 [ 5.41284680e-06  9.99994397e-01 -3.90410423e-06]
 [ 1.00000539e+00 -5.45382500e-06 -2.56299973e-06]
 [ 1.00000522e+00 -5.54323196e-06 -4.05311584e-06]
 [ 5.31226397e-06  9.99993861e-01 -3.57627869e-06]
 [ 1.00000551e+00 -1.31130219e-06 -6.97374344e-06]
 [ 5.61214983e-06  9.99996215e-01 -5.81145287e-06]
 [ 1.00000507e+00 -3.93390656e-06 -5.18560410e-06]
 [ 5.57675958e-06  9.99995887e-01 -3.78489494e-06]
 [ 5.30481339e-06  9.99996036e-01 -4.02331352e-06]
 [ 5.62518835e-06 -4.26173210e-06  9.99994546e-01]
 [ 1.00000528e+00 -4.17232513e-06 -5.36441803e-06]
 [ 5.51901758e-06 -3.45706940e-06  9.99996364e-01]
 [ 5.28432429e-06  9.99995619e-01 -5.18560410e-06]
 [ 5.30295074e-06  9.99994516e-01 -4.79817390e-06]
 [ 5.18374145e-06 -3.75509262e-06  9.99996096e-01]
 [ 1.00000524e+00 -4.70876694e-06 -3.42726707e-06]
 [ 5.39794564e-06  9.99995738e-01 -5.69224358e-06]
 [ 5.16511500e-06 -2.17556953e-06  9.99995857e-01]
 [ 5.28432429e-06 -4.70876694e-06  9.99994457e-01]
 [ 1.00000542e+00 -5.18560410e-06 -3.30805779e-06]
 [ 5.45009971e-06  9.99994934e-01 -2.92062759e-06]
 [ 5.61214983e-06  9.99993294e-01 -3.33786011e-06]
 [ 5.28804958e-06 -3.39746475e-06  9.99996245e-01]
 [ 5.43333590e-06 -4.35113907e-06  9.99995321e-01]
 [ 5.22471964e-06 -4.94718552e-06  9.99994308e-01]
 [ 1.00000505e+00 -5.15580177e-06 -3.42726707e-06]
 [ 1.00000527e+00 -5.54323196e-06 -3.84449959e-06]
 [ 1.00000541e+00 -6.37769699e-06 -3.84449959e-06]
 [ 5.24707139e-06 -7.00354576e-06  9.99999583e-01]
 [ 1.00000533e+00 -3.12924385e-06 -3.30805779e-06]
 [ 1.00000539e+00 -4.41074371e-06 -5.60283661e-06]
 [ 1.00000518e+00 -5.36441803e-06 -4.35113907e-06]
 [ 1.00000529e+00 -5.12599945e-06 -3.33786011e-06]
 [ 5.56185842e-06 -3.27825546e-06  9.99996781e-01]
 [ 1.00000504e+00 -4.02331352e-06 -4.76837158e-06]
 [ 5.42216003e-06  9.99994010e-01 -4.38094139e-06]
 [ 1.00000555e+00 -5.21540642e-06 -5.09619713e-06]
 [ 1.00000533e+00 -5.33461571e-06 -1.57952309e-06]
 [ 5.27314842e-06 -5.21540642e-06  9.99998868e-01]
 [ 5.61587512e-06  9.99996245e-01 -6.46710396e-06]
 [ 5.50784171e-06  9.99993235e-01 -3.99351120e-06]
 [ 1.00000522e+00 -4.79817390e-06 -4.23192978e-06]
 [ 5.33834100e-06 -4.26173210e-06  9.99995172e-01]
 [ 5.29363751e-06  9.99995023e-01 -4.32133675e-06]
 [ 1.00000527e+00 -5.36441803e-06 -4.70876694e-06]
 [ 1.00000547e+00 -5.81145287e-06 -4.97698784e-06]
 [ 5.26942313e-06  9.99994665e-01 -1.75833702e-06]
 [ 4.97512519e-06 -3.75509262e-06  9.99995232e-01]
 [ 5.39980829e-06 -3.84449959e-06  9.99994457e-01]
 [ 5.29922545e-06 -6.55651093e-06  9.99996543e-01]
 [ 1.00000536e+00 -5.42402267e-06 -5.06639481e-06]
 [ 5.45568764e-06  9.99994159e-01 -4.32133675e-06]
 [ 1.00000535e+00 -4.41074371e-06 -7.15255737e-06]
 [ 1.00000513e+00 -4.35113907e-06 -3.42726707e-06]
 [ 5.20236790e-06 -7.45058060e-06  9.99995053e-01]
 [ 5.73322177e-06  9.99996156e-01 -5.78165054e-06]
 [ 5.43519855e-06 -4.70876694e-06  9.99996156e-01]
 [ 5.42961061e-06 -4.76837158e-06  9.99995887e-01]]