[[ 2.66730785e-06  9.99994278e-01 -4.76837158e-06]
 [ 1.00000254e+00 -7.03334808e-06 -5.24520874e-06]
 [ 1.00000264e+00 -6.67572021e-06 -3.57627869e-06]
 [ 2.60770321e-06 -7.62939453e-06  9.99997020e-01]
 [ 2.73063779e-06  9.99995112e-01 -5.00679016e-06]
 [ 1.00000263e+00 -5.12599945e-06 -2.14576721e-06]
 [ 2.65613198e-06  9.99995589e-01 -5.48362732e-06]
 [ 2.52202153e-06  9.99994397e-01 -3.21865082e-06]
 [ 2.76044011e-06 -4.52995300e-06  9.99994516e-01]
 [ 2.49966979e-06  9.99993324e-01 -5.48362732e-06]
 [ 2.59280205e-06  9.99995112e-01 -3.21865082e-06]
 [ 2.68220901e-06 -6.31809235e-06  9.99995351e-01]
 [ 1.00000260e+00 -1.19209290e-06 -5.84125519e-06]
 [ 1.00000235e+00 -2.74181366e-06 -5.72204590e-06]
 [ 1.00000263e+00 -5.48362732e-06 -4.52995300e-06]
 [ 2.58162618e-06 -3.69548798e-06  9.99993443e-01]
 [ 1.00000260e+00 -7.03334808e-06 -4.76837158e-06]
 [ 1.00000245e+00 -4.29153442e-06 -5.96046448e-06]
 [ 2.67103314e-06 -2.74181366e-06  9.99994159e-01]
 [ 2.64495611e-06  9.99993682e-01 -4.41074371e-06]
 [ 2.65240669e-06  9.99994755e-01 -2.26497650e-06]
 [ 2.84984708e-06 -3.69548798e-06  9.99994993e-01]
 [ 2.67848372e-06  9.99994755e-01 -3.93390656e-06]
 [ 1.00000240e+00 -3.93390656e-06 -2.26497650e-06]
 [ 1.00000255e+00 -6.67572021e-06 -3.57627869e-06]
 [ 1.00000240e+00 -5.00679016e-06 -6.31809235e-06]
 [ 2.55927444e-06  9.99994993e-01 -3.45706940e-06]
 [ 2.88337469e-06 -3.45706940e-06  9.99995947e-01]
 [ 2.57790089e-06  9.99996066e-01 -4.17232513e-06]
 [ 2.61142850e-06 -5.24520874e-06  9.99994636e-01]
 [ 1.00000240e+00 -5.48362732e-06 -3.93390656e-06]
 [ 1.00000247e+00 -7.27176666e-06 -5.12599945e-06]
 [ 2.54064798e-06  9.99991059e-01 -3.45706940e-06]
 [ 3.14787030e-06 -7.27176666e-06  9.99996424e-01]
 [ 1.00000263e+00 -8.22544098e-06 -2.62260437e-06]
 [ 1.00000280e+00 -7.74860382e-06 -8.34465027e-07]
 [ 2.94297934e-06 -8.34465027e-06  9.99998093e-01]
 [ 2.97650695e-06  9.99994397e-01 -4.64916229e-06]
 [ 1.00000275e+00 -5.12599945e-06 -4.17232513e-06]
 [ 2.49221921e-06  9.99992728e-01 -4.29153442e-06]
 [ 2.65240669e-06  9.99993086e-01 -3.69548798e-06]
 [ 1.00000253e+00 -5.00679016e-06 -3.21865082e-06]
 [ 3.02121043e-06 -6.07967377e-06  9.99996781e-01]
 [ 1.00000262e+00 -2.62260437e-06 -4.41074371e-06]
 [ 2.93180346e-06  9.99990821e-01 -3.45706940e-06]
 [ 1.00000296e+00 -6.55651093e-06 -2.14576721e-06]
 [ 2.68220901e-06 -5.84125519e-06  9.99996781e-01]
 [ 2.94297934e-06 -2.62260437e-06  9.99996066e-01]
 [ 3.15159559e-06 -7.51018524e-06  9.99994755e-01]
 [ 3.02866101e-06 -4.29153442e-06  9.99995112e-01]
 [ 1.00000256e+00 -6.79492950e-06 -1.07288361e-06]
 [ 2.87964940e-06 -6.31809235e-06  9.99995351e-01]
 [ 2.68965960e-06  9.99994874e-01 -4.29153442e-06]
 [ 3.18884850e-06 -5.72204590e-06  9.99997616e-01]
 [ 2.77161598e-06  9.99991894e-01 -4.76837158e-06]
 [ 1.00000243e+00 -4.64916229e-06 -4.29153442e-06]
 [ 2.75298953e-06  9.99996066e-01 -4.41074371e-06]
 [ 2.79769301e-06  9.99996781e-01 -2.38418579e-06]
 [ 1.00000238e+00 -7.39097595e-06 -4.05311584e-06]
 [ 2.94297934e-06 -4.41074371e-06  9.99992132e-01]
 [ 3.01748514e-06 -5.72204590e-06  9.99996305e-01]
 [ 2.73436308e-06 -1.01327896e-05  9.99997735e-01]
 [ 2.34693289e-06  9.99993801e-01 -4.41074371e-06]
 [ 2.99140811e-06 -4.29153442e-06  9.99996662e-01]
 [ 1.00000255e+00 -2.74181366e-06 -6.31809235e-06]
 [ 1.00000253e+00 -6.31809235e-06 -5.60283661e-06]
 [ 2.62632966e-06 -5.84125519e-06  9.99997377e-01]
 [ 2.90200114e-06  9.99992967e-01 -2.38418579e-06]
 [ 1.00000229e+00 -4.05311584e-06 -5.36441803e-06]
 [ 2.54437327e-06 -7.98702240e-06  9.99998331e-01]
 [ 1.00000301e+00 -2.50339508e-06 -5.00679016e-06]
 [ 2.68220901e-06 -6.07967377e-06  9.99999523e-01]
 [ 1.00000221e+00 -6.43730164e-06 -4.88758087e-06]
 [ 1.00000233e+00 -6.79492950e-06 -4.76837158e-07]
 [ 2.80886889e-06 -5.72204590e-06  1.00000131e+00]
 [ 3.02493572e-06 -5.00679016e-06  9.99996662e-01]
 [ 2.67848372e-06 -3.21865082e-06  9.99995232e-01]
 [ 2.90572643e-06  9.99991059e-01 -1.66893005e-06]
 [ 3.01003456e-06 -7.39097595e-06  9.99993920e-01]
 [ 2.70828605e-06  9.99993205e-01 -8.34465027e-07]
 [ 2.67848372e-06  9.99995351e-01 -5.60283661e-06]
 [ 1.00000260e+00 -6.07967377e-06 -1.78813934e-06]
 [ 2.69711018e-06 -5.12599945e-06  9.99996305e-01]
 [ 2.95415521e-06 -4.52995300e-06  9.99994636e-01]
 [ 2.79396772e-06  9.99994993e-01 -1.43051147e-06]
 [ 2.98023224e-06  9.99992371e-01 -3.21865082e-06]
 [ 2.74926424e-06 -7.15255737e-06  9.99995232e-01]
 [ 2.94297934e-06  9.99993801e-01 -4.41074371e-06]
 [ 2.89455056e-06 -5.84125519e-06  1.00000024e+00]
 [ 1.00000275e+00 -6.79492950e-06 -3.09944153e-06]
 [ 2.70828605e-06 -5.48362732e-06  9.99997735e-01]
 [ 1.00000273e+00 -6.91413879e-06 -2.02655792e-06]
 [ 1.00000270e+00 -3.45706940e-06 -3.93390656e-06]
 [ 1.00000232e+00 -7.62939453e-06 -3.21865082e-06]
 [ 2.63378024e-06  9.99992847e-01 -5.12599945e-06]
 [ 1.00000241e+00 -2.86102295e-06 -4.41074371e-06]
 [ 3.02121043e-06  9.99996066e-01 -3.69548798e-06]
 [ 2.95415521e-06  9.99989510e-01 -8.34465027e-07]
 [ 2.77534127e-06  9.99992132e-01  1.19209290e-07]
 [ 1.00000264e+00 -7.98702240e-06 -2.02655792e-06]
 [ 1.00000240e+00 -5.96046448e-06 -2.62260437e-06]
 [ 2.77161598e-06  9.99992251e-01 -4.88758087e-06]
 [ 2.69711018e-06 -4.17232513e-06  9.99998212e-01]
 [ 2.62632966e-06  9.99994993e-01 -4.05311584e-06]
 [ 1.00000265e+00 -7.15255737e-06 -8.34465027e-07]
 [ 1.00000248e+00 -5.00679016e-06 -2.38418579e-06]
 [ 1.00000275e+00 -4.52995300e-06 -4.05311584e-06]
 [ 2.72691250e-06 -4.88758087e-06  9.99993920e-01]
 [ 2.89827585e-06 -5.72204590e-06  1.00000155e+00]
 [ 2.84612179e-06 -4.76837158e-06  9.99996543e-01]
 [ 2.61142850e-06  9.99995470e-01 -7.03334808e-06]
 [ 1.00000235e+00 -5.48362732e-06 -2.62260437e-06]
 [ 2.64123082e-06 -9.77516174e-06  9.99997258e-01]
 [ 2.95042992e-06  9.99993086e-01 -3.45706940e-06]
 [ 1.00000274e+00 -6.79492950e-06 -2.38418579e-06]
 [ 2.36183405e-06  9.99994278e-01 -3.45706940e-06]
 [ 2.72691250e-06 -5.24520874e-06  9.99999285e-01]
 [ 2.74181366e-06 -1.07288361e-06  9.99995232e-01]
 [ 2.49594450e-06 -6.31809235e-06  9.99995828e-01]
 [ 2.94297934e-06  9.99995589e-01 -4.64916229e-06]
 [ 3.00258398e-06  9.99991059e-01 -9.53674316e-07]
 [ 2.76789069e-06 -5.24520874e-06  9.99998331e-01]
 [ 3.06218863e-06 -8.94069672e-06  9.99996066e-01]
 [ 1.00000271e+00 -4.52995300e-06 -2.02655792e-06]
 [ 3.27080488e-06 -6.91413879e-06  9.99999881e-01]
 [ 2.64868140e-06 -4.41074371e-06  9.99996066e-01]
 [ 2.67103314e-06  9.99995112e-01 -5.84125519e-06]
 [ 2.79396772e-06  9.99992371e-01 -2.26497650e-06]
 [ 2.84984708e-06 -4.88758087e-06  9.99993920e-01]
 [ 2.91317701e-06 -4.17232513e-06  9.99996305e-01]
 [ 2.77534127e-06  9.99993324e-01 -2.14576721e-06]
 [ 2.60025263e-06  9.99993801e-01 -3.81469727e-06]
 [ 1.00000255e+00 -5.36441803e-06 -3.57627869e-06]
 [ 1.00000311e+00 -7.98702240e-06 -2.62260437e-06]]