[[-3.68803740e-06 -2.95042992e-06  1.00000280e+00]
 [-3.59863043e-06  9.99994010e-01  5.06639481e-06]
 [-3.69548798e-06 -5.87105751e-06  9.99999821e-01]
 [ 9.99996398e-01 -3.99351120e-06 -2.80141830e-06]
 [ 9.99996789e-01 -7.59959221e-06  1.43051147e-06]
 [-3.30805779e-06  9.99991775e-01  2.98023224e-06]
 [-3.27825546e-06  9.99992698e-01  5.24520874e-06]
 [-3.59863043e-06 -8.43405724e-06  1.00000426e+00]
 [-3.71783972e-06 -6.04987144e-06  1.00000206e+00]
 [-3.38256359e-06 -2.80141830e-06  1.00000140e+00]
 [-3.55392694e-06  9.99996811e-01 -6.25848770e-07]
 [ 9.99996554e-01 -6.55651093e-06  2.98023224e-06]
 [-3.32668424e-06  9.99993742e-01  3.30805779e-06]
 [-3.39746475e-06  9.99993175e-01  2.65240669e-06]
 [-3.85940075e-06 -3.24845314e-06  1.00000381e+00]
 [ 9.99996826e-01 -3.30805779e-06  3.27825546e-07]
 [-3.77744436e-06  9.99996990e-01  2.44379044e-06]
 [ 9.99996837e-01 -6.82473183e-06  6.37769699e-06]
 [ 9.99996476e-01 -6.79492950e-06  1.54972076e-06]
 [ 9.99996707e-01 -7.42077827e-06  1.40070915e-06]
 [ 9.99996308e-01 -4.55975533e-06 -2.98023224e-08]
 [ 9.99997001e-01 -4.61935997e-06  1.75833702e-06]
 [-3.91528010e-06 -4.82797623e-06  9.99999374e-01]
 [-3.36766243e-06  9.99992669e-01  3.75509262e-06]
 [ 9.99996059e-01 -4.85777855e-06  4.23192978e-06]
 [-3.50177288e-06  9.99995470e-01  2.47359276e-06]
 [-3.66568565e-06  9.99994516e-01  3.51667404e-06]
 [-3.09199095e-06  9.99991030e-01  6.94394112e-06]
 [-3.50922346e-06  9.99995559e-01  5.60283661e-06]
 [-3.81469727e-06 -5.45382500e-06  1.00000396e+00]
 [-3.76254320e-06  9.99993235e-01  2.47359276e-06]
 [-3.76999378e-06 -6.88433647e-06  1.00000194e+00]
 [-3.60980630e-06  9.99997348e-01  5.51342964e-06]
 [-3.47197056e-06  9.99998063e-01  1.25169754e-06]
 [ 9.99996591e-01 -6.31809235e-06  4.14252281e-06]
 [ 9.99996420e-01 -6.58631325e-06  2.62260437e-06]
 [ 9.99996305e-01 -7.33137131e-06  1.87754631e-06]
 [ 9.99996305e-01 -8.19563866e-06  4.73856926e-06]
 [-3.12179327e-06 -5.72204590e-06  1.00000218e+00]
 [-4.04939055e-06 -2.71201134e-06  9.99999851e-01]
 [-3.76254320e-06 -6.70552254e-06  1.00000298e+00]
 [-3.50177288e-06  9.99997050e-01  1.25169754e-06]
 [ 9.99996312e-01 -1.63912773e-06  2.89082527e-06]
 [-3.31550837e-06  9.99995291e-01  2.59280205e-06]
 [ 9.99996550e-01 -5.06639481e-06  2.71201134e-06]
 [-3.45706940e-06  9.99991447e-01  7.48038292e-06]
 [-3.84449959e-06 -2.95042992e-06  1.00000247e+00]
 [ 9.99996487e-01 -2.08616257e-06 -1.72853470e-06]
 [-3.92273068e-06 -7.03334808e-06  1.00000274e+00]
 [ 9.99996144e-01 -9.05990601e-06  3.09944153e-06]
 [-3.54275107e-06 -5.57303429e-06  1.00000238e+00]
 [ 9.99996521e-01 -5.87105751e-06  4.26173210e-06]
 [ 9.99996565e-01 -8.01682472e-06  3.09944153e-06]
 [ 9.99996096e-01 -4.08291817e-06  3.30805779e-06]
 [-3.83704901e-06 -9.05990601e-06  1.00000325e+00]
 [-3.95625830e-06  9.99995142e-01  2.17556953e-06]
 [-3.61353159e-06 -5.00679016e-06  1.00000370e+00]
 [-3.33040953e-06  9.99995768e-01  5.96046448e-08]
 [-4.12017107e-06 -4.97698784e-06  1.00000027e+00]
 [ 9.99996372e-01 -8.34465027e-06  5.09619713e-06]
 [-3.76254320e-06 -4.29153442e-06  1.00000048e+00]
 [ 9.99996550e-01 -9.56654549e-06  3.39746475e-06]
 [-3.29315662e-06  9.99996156e-01 -3.48687172e-06]
 [-3.48687172e-06 -7.86781311e-06  1.00000268e+00]
 [ 9.99996629e-01 -3.12924385e-06  1.28149986e-06]
 [ 9.99996580e-01 -8.52346420e-06  3.72529030e-06]
 [ 9.99996297e-01 -6.67572021e-06  3.45706940e-06]
 [-3.27080488e-06 -1.93715096e-06  9.99997675e-01]
 [ 9.99995902e-01 -9.29832458e-06  7.65919685e-06]
 [-4.03448939e-06 -5.45382500e-06  1.00000525e+00]
 [-3.30805779e-06  9.99996185e-01  8.04662704e-07]
 [ 9.99996174e-01 -3.27825546e-06  6.85453415e-07]
 [-3.83704901e-06  9.99998510e-01  2.38418579e-07]
 [-3.68803740e-06 -4.73856926e-06  1.00000355e+00]
 [-4.24310565e-06 -6.40749931e-06  1.00000283e+00]
 [-3.57627869e-06 -5.63263893e-06  1.00000393e+00]
 [-3.88920307e-06  9.99995410e-01  3.36766243e-06]
 [-3.73274088e-06  9.99994338e-01  5.60283661e-06]
 [-3.66941094e-06  9.99994218e-01  2.08616257e-07]
 [-3.44961882e-06 -7.03334808e-06  1.00000367e+00]
 [-3.68058681e-06  9.99992311e-01  4.61935997e-06]
 [ 9.99996535e-01 -3.99351120e-06 -2.38418579e-07]
 [-3.83332372e-06 -3.39746475e-06  1.00000235e+00]
 [-3.86685133e-06 -1.93715096e-06  9.99998987e-01]
 [-3.26335430e-06  9.99994427e-01  1.66893005e-06]
 [-3.22982669e-06 -4.44054604e-06  1.00000125e+00]
 [ 9.99996651e-01 -4.26173210e-06 -1.49011612e-07]
 [ 9.99996714e-01 -5.60283661e-06  2.86102295e-06]
 [-2.97650695e-06 -2.83122063e-06  1.00000328e+00]
 [-3.76254320e-06  9.99996513e-01  3.27825546e-07]
 [ 9.99996781e-01 -6.79492950e-06  7.59959221e-06]
 [-3.61353159e-06 -5.45382500e-06  1.00000185e+00]
 [-3.30805779e-06 -2.11596489e-06  9.99997675e-01]
 [-3.71038914e-06  9.99997795e-01  1.66893005e-06]
 [-3.72529030e-06 -4.76837158e-06  1.00000039e+00]
 [-3.39001417e-06  9.99994397e-01  4.55975533e-06]
 [-3.68431211e-06  9.99994606e-01  4.11272049e-06]
 [ 9.99996103e-01 -4.55975533e-06  2.98023224e-06]
 [-4.13879752e-06 -7.36117363e-06  1.00000036e+00]
 [ 9.99996532e-01  2.47359276e-06 -4.76837158e-06]
 [ 9.99996029e-01 -5.63263893e-06  3.93390656e-06]
 [-2.97278166e-06  9.99994367e-01  3.24845314e-06]
 [-3.24845314e-06  9.99995857e-01  1.63912773e-06]
 [-3.60235572e-06  9.99992847e-01  5.51342964e-06]
 [ 9.99996163e-01 -4.14252281e-06  2.98023224e-07]
 [-3.85940075e-06  9.99995261e-01 -9.23871994e-07]
 [ 9.99996465e-01 -5.75184822e-06  2.47359276e-06]
 [-3.78489494e-06  9.99990374e-01  1.96695328e-06]
 [ 9.99996599e-01 -2.38418579e-06  1.78813934e-07]
 [ 9.99996677e-01 -5.96046448e-08  1.34110451e-06]
 [-3.56137753e-06  9.99992371e-01  2.47359276e-06]
 [-3.76999378e-06 -2.92062759e-06  9.99999970e-01]
 [-3.96370888e-06  9.99990851e-01  4.61935997e-06]
 [-3.60608101e-06  9.99992788e-01  1.13248825e-06]
 [-3.61353159e-06  9.99996036e-01  2.26497650e-06]
 [-3.53530049e-06 -6.25848770e-06  1.00000277e+00]
 [-4.03448939e-06 -6.25848770e-06  1.00000221e+00]
 [ 9.99996908e-01 -5.57303429e-06  3.15904617e-06]
 [ 9.99996498e-01 -8.49366188e-06  3.24845314e-06]
 [-3.78862023e-06  9.99994606e-01 -6.55651093e-07]
 [-3.31550837e-06  9.99998420e-01  1.63912773e-06]
 [-3.78862023e-06 -2.74181366e-06  9.99997318e-01]
 [-3.37511301e-06 -3.57627869e-06  1.00000146e+00]
 [ 9.99996483e-01 -6.10947609e-06  2.89082527e-06]
 [-3.61353159e-06  9.99995351e-01  1.13248825e-06]
 [-3.95625830e-06 -3.09944153e-06  9.99999106e-01]
 [-3.59863043e-06  9.99995619e-01 -1.37090683e-06]
 [ 9.99996144e-01 -2.65240669e-06  6.25848770e-07]
 [-4.12017107e-06  9.99994725e-01  4.58955765e-06]
 [-3.91155481e-06 -6.73532486e-06  1.00000522e+00]
 [-3.56882811e-06  9.99994725e-01 -9.23871994e-07]
 [-3.52412462e-06 -6.46710396e-06  1.00000295e+00]
 [ 9.99996662e-01 -6.49690628e-06  8.94069672e-07]
 [ 9.99996826e-01 -7.59959221e-06  5.54323196e-06]]