[[ 9.99996593e-01 -6.69807196e-06 -3.93763185e-06]
 [-3.48687172e-06  9.99993959e-01 -3.77744436e-06]
 [ 9.99996485e-01 -5.69410622e-06 -2.41771340e-06]
 [ 9.99996630e-01 -7.91810453e-06 -5.92321157e-07]
 [ 9.99996580e-01 -5.61214983e-06 -4.72739339e-06]
 [ 9.99996565e-01 -6.94766641e-06 -3.09944153e-06]
 [-3.39932740e-06 -7.80075788e-06  9.99998882e-01]
 [-3.34344804e-06  9.99994125e-01 -3.02866101e-06]
 [-3.21120024e-06 -8.11927021e-06  9.99998592e-01]
 [ 9.99996662e-01 -7.49342144e-06 -3.36766243e-06]
 [-3.28943133e-06 -6.35720789e-06  9.99997888e-01]
 [ 9.99996636e-01 -6.77816570e-06 -3.02121043e-06]
 [-3.39001417e-06  9.99992482e-01 -2.35438347e-06]
 [ 9.99996511e-01 -7.66292214e-06 -2.17556953e-06]
 [ 9.99996612e-01 -8.01309943e-06 -3.49804759e-06]
 [-3.30805779e-06 -6.64032996e-06  9.99997851e-01]
 [-3.33040953e-06 -8.29622149e-06  9.99996971e-01]
 [ 9.99996612e-01 -7.76350498e-06 -2.17929482e-06]
 [-3.25031579e-06  9.99991091e-01 -1.57952309e-06]
 [-3.34344804e-06 -7.84918666e-06  9.99997243e-01]
 [-3.37325037e-06  9.99991242e-01 -2.12341547e-07]
 [-3.44961882e-06  9.99991853e-01 -6.92903996e-07]
 [-3.45148146e-06 -5.75184822e-06  9.99996956e-01]
 [-3.36952507e-06 -4.29712236e-06  9.99995157e-01]
 [-3.36579978e-06  9.99993918e-01 -3.18139791e-06]
 [-3.29874456e-06 -7.42450356e-06  9.99999780e-01]
 [-3.33972275e-06 -5.81890345e-06  9.99997251e-01]
 [ 9.99996589e-01 -9.87574458e-06 -3.05473804e-07]
 [ 9.99996420e-01 -5.69038093e-06 -4.78327274e-06]
 [-3.33599746e-06 -7.87898898e-06  9.99997664e-01]
 [-3.36021185e-06  9.99992829e-01 -3.58372927e-06]
 [-3.29315662e-06  9.99992257e-01 -2.31713057e-06]
 [-3.46079469e-06  9.99992417e-01 -2.26497650e-06]
 [ 9.99996610e-01 -9.18470323e-06 -1.05798244e-06]
 [-3.11061740e-06  9.99993939e-01 -4.09036875e-06]
 [-3.11434269e-06 -6.60121441e-06  9.99995779e-01]
 [-3.28384340e-06  9.99994703e-01 -4.40329313e-06]
 [-3.47942114e-06 -6.79120421e-06  9.99998629e-01]
 [-3.26521695e-06 -6.06104732e-06  9.99996461e-01]
 [ 9.99996299e-01 -9.21636820e-06 -1.09896064e-06]
 [-3.34717333e-06  9.99992929e-01 -2.59280205e-06]
 [ 9.99996537e-01 -7.19167292e-06 -2.82749534e-06]
 [-3.29315662e-06  9.99994397e-01 -2.40281224e-06]
 [-3.55578959e-06 -6.44288957e-06  9.99998178e-01]
 [ 9.99996699e-01 -7.85477459e-06 -1.25914812e-06]
 [-3.16463411e-06  9.99994149e-01 -4.23565507e-06]
 [-3.24286520e-06  9.99996910e-01 -6.10202551e-06]
 [-3.73274088e-06  9.99992728e-01 -2.31713057e-06]
 [-3.15904617e-06 -7.73556530e-06  9.99998741e-01]
 [-3.33040953e-06 -5.14462590e-06  9.99994218e-01]
 [-3.10502946e-06  9.99990540e-01 -1.61305070e-06]
 [ 9.99996534e-01 -7.87712634e-06 -2.27242708e-06]
 [ 9.99996910e-01 -6.46896660e-06 -4.43309546e-06]
 [-3.38628888e-06 -6.08526170e-06  9.99997642e-01]
 [-3.30060720e-06 -6.91227615e-06  9.99996815e-01]
 [-3.11434269e-06  9.99992162e-01 -2.29477882e-06]
 [-3.34344804e-06  9.99993907e-01 -3.97488475e-06]
 [-3.24845314e-06 -6.81169331e-06  9.99998175e-01]
 [-3.48500907e-06 -7.37048686e-06  9.99997072e-01]
 [-3.41050327e-06 -5.47431409e-06  9.99998104e-01]
 [-3.07708979e-06 -9.40077007e-06  9.99998264e-01]
 [-2.82004476e-06  9.99995444e-01 -5.14090061e-06]
 [-3.39187682e-06 -6.09643757e-06  9.99994747e-01]
 [-3.56696546e-06  9.99990176e-01 -3.68803740e-07]
 [-3.34344804e-06  9.99992076e-01 -1.60932541e-06]
 [-3.17208469e-06 -6.31809235e-06  9.99995355e-01]
 [-3.24659050e-06 -5.70714474e-06  9.99996457e-01]
 [-3.48314643e-06  9.99994809e-01 -4.47779894e-06]
 [ 9.99996860e-01 -5.98281622e-06 -3.90410423e-06]
 [-3.08454037e-06 -5.34392893e-06  9.99996122e-01]
 [-3.24659050e-06  9.99993695e-01 -3.61353159e-06]
 [-3.39746475e-06  9.99994334e-01 -4.09036875e-06]
 [-3.30619514e-06  9.99992425e-01 -3.73274088e-06]
 [ 9.99996928e-01 -3.77744436e-06 -5.67734241e-06]
 [-3.66009772e-06  9.99993293e-01 -2.73436308e-06]
 [-3.29501927e-06  9.99994274e-01 -3.34903598e-06]
 [-3.53157520e-06  9.99990650e-01 -3.72529030e-09]
 [-2.89268792e-06  9.99993714e-01 -4.21702862e-06]
 [ 9.99996834e-01 -6.97933137e-06 -3.21865082e-06]
 [-3.25962901e-06 -5.83566725e-06  9.99996249e-01]
 [-3.04542482e-06  9.99992706e-01 -2.19419599e-06]
 [ 9.99996720e-01 -7.13765621e-06 -3.66941094e-06]
 [-3.18512321e-06  9.99996463e-01 -7.29039311e-06]
 [ 9.99996686e-01 -6.98864460e-06 -3.47569585e-06]
 [ 9.99996765e-01 -5.97164035e-06 -2.45496631e-06]
 [-3.10316682e-06 -4.47966158e-06  9.99995068e-01]
 [-2.91876495e-06  9.99993833e-01 -5.47245145e-06]
 [-3.08826566e-06 -4.47407365e-06  9.99995507e-01]
 [-2.79583037e-06 -5.13531268e-06  9.99996763e-01]
 [-2.99327075e-06 -5.90458512e-06  9.99997269e-01]
 [-3.13855708e-06 -7.69272447e-06  9.99996152e-01]
 [ 9.99996739e-01 -6.24731183e-06 -2.56299973e-06]
 [-3.27639282e-06 -6.12065196e-06  9.99997534e-01]
 [-2.90572643e-06  9.99996096e-01 -6.33299351e-06]
 [ 9.99996936e-01 -4.38652933e-06 -5.02169132e-06]
 [-3.12551856e-06 -9.08412039e-06  9.99999136e-01]
 [-3.05660069e-06  9.99991618e-01 -9.72300768e-07]
 [-3.31550837e-06 -8.83266330e-06  9.99997869e-01]
 [-3.44403088e-06  9.99993058e-01 -2.11969018e-06]
 [ 9.99996604e-01 -5.57675958e-06 -3.92645597e-06]
 [ 9.99997016e-01 -6.60307705e-06 -3.68058681e-06]
 [-3.31364572e-06 -4.79817390e-06  9.99992631e-01]
 [-3.42912972e-06 -4.61190939e-06  9.99996036e-01]
 [ 9.99996597e-01 -8.43778253e-06 -1.76951289e-06]
 [-2.92435288e-06  9.99993164e-01 -2.48849392e-06]
 [-3.27639282e-06  9.99993900e-01 -5.77792525e-06]
 [-3.10689211e-06  9.99994593e-01 -3.85195017e-06]
 [-3.48687172e-06  9.99993375e-01 -3.03983688e-06]
 [-3.09571624e-06 -4.97885048e-06  9.99995258e-01]
 [ 9.99996621e-01 -3.21306288e-06 -6.85825944e-06]
 [ 9.99996696e-01 -8.72835517e-06  4.88013029e-07]
 [ 9.99996411e-01 -6.19702041e-06 -4.92855906e-06]
 [ 9.99996686e-01 -5.68665564e-06 -3.65450978e-06]
 [-3.05473804e-06  9.99993265e-01 -2.07126141e-06]
 [ 9.99996280e-01 -5.60283661e-06 -3.45706940e-06]
 [ 9.99996740e-01 -9.56468284e-06  3.24100256e-07]
 [ 9.99996761e-01 -4.12389636e-06 -6.25103712e-06]
 [ 9.99996649e-01 -5.61587512e-06 -4.88385558e-06]
 [-3.27453017e-06  9.99992451e-01 -1.48639083e-06]
 [-2.95042992e-06 -7.83614814e-06  9.99997254e-01]
 [ 9.99996498e-01 -6.33113086e-06 -3.65450978e-06]
 [-3.07708979e-06 -6.13182783e-06  9.99995988e-01]
 [-3.46638262e-06 -5.63263893e-06  9.99995429e-01]
 [-3.15345824e-06 -9.35792923e-06  9.99999225e-01]
 [ 9.99996521e-01 -5.79096377e-06 -3.74391675e-06]
 [-3.30246985e-06 -6.97001815e-06  9.99996372e-01]
 [-3.32295895e-06  9.99995083e-01 -5.39049506e-06]
 [-2.94856727e-06  9.99995135e-01 -3.33786011e-06]
 [-3.12738121e-06  9.99995923e-01 -6.59376383e-06]
 [ 9.99996254e-01 -7.82310963e-06 -2.06381083e-06]
 [ 9.99996981e-01 -7.10226595e-06 -2.35438347e-06]
 [-3.35089862e-06 -5.77606261e-06  9.99996271e-01]
 [-3.58745456e-06 -5.55440784e-06  9.99996260e-01]
 [-3.05660069e-06 -5.13903797e-06  9.99996163e-01]]