[[ 1.00000420e+00 -7.36117363e-06 -1.25169754e-06]
 [ 3.98606062e-06  9.99994516e-01 -2.98023224e-06]
 [ 4.17232513e-06 -5.96046448e-06  9.99999702e-01]
 [ 4.00282443e-06 -6.13927841e-06  9.99997497e-01]
 [ 4.51225787e-06  9.99991834e-01 -4.17232513e-07]
 [ 1.00000439e+00 -8.34465027e-06  6.25848770e-07]
 [ 1.00000438e+00 -6.22868538e-06 -1.19209290e-06]
 [ 4.30643559e-06 -7.91251659e-06  9.99999672e-01]
 [ 4.09968197e-06 -4.94718552e-06  9.99997586e-01]
 [ 4.21050936e-06  9.99993175e-01 -2.26497650e-06]
 [ 1.00000430e+00 -7.21216202e-06 -5.06639481e-07]
 [ 4.06615436e-06  9.99991804e-01  2.98023224e-08]
 [ 4.04939055e-06  9.99994159e-01 -3.12924385e-06]
 [ 4.18722630e-06 -7.89761543e-06  9.99999642e-01]
 [ 4.24962491e-06 -6.34789467e-06  9.99998778e-01]
 [ 4.22354788e-06  9.99993652e-01 -2.50339508e-06]
 [ 3.98047268e-06 -3.75509262e-06  9.99996096e-01]
 [ 1.00000446e+00 -7.12275505e-06 -1.84774399e-06]
 [ 1.00000429e+00 -8.73208046e-06 -2.98023224e-07]
 [ 4.20399010e-06 -7.03334808e-06  9.99997675e-01]
 [ 4.33623791e-06  9.99993533e-01 -1.22189522e-06]
 [ 3.98885459e-06 -5.03659248e-06  9.99997944e-01]
 [ 4.12482768e-06  9.99996871e-01 -4.88758087e-06]
 [ 4.02983278e-06  9.99993712e-01 -1.04308128e-06]
 [ 3.85660678e-06 -3.93390656e-06  9.99995768e-01]
 [ 4.34648246e-06  9.99991089e-01  2.11596489e-06]
 [ 1.00000437e+00 -7.89761543e-06 -4.17232513e-07]
 [ 4.16953117e-06 -7.53998756e-06  9.99999136e-01]
 [ 1.00000452e+00 -8.43405724e-06 -8.04662704e-07]
 [ 3.99909914e-06  9.99994308e-01 -4.02331352e-06]
 [ 4.10247594e-06 -6.85453415e-06  9.99997407e-01]
 [ 4.12948430e-06  9.99994308e-01 -2.83122063e-06]
 [ 1.00000409e+00 -5.60283661e-06 -1.54972076e-06]
 [ 1.00000427e+00 -7.30156898e-06  1.51991844e-06]
 [ 3.98699194e-06 -8.82148743e-06  9.99999851e-01]
 [ 3.95625830e-06 -9.95397568e-06  1.00000215e+00]
 [ 4.24776226e-06 -8.03172588e-06  1.00000101e+00]
 [ 3.74019146e-06  9.99992877e-01  1.78813934e-07]
 [ 4.21050936e-06 -9.62615013e-06  1.00000098e+00]
 [ 4.10154462e-06  9.99991357e-01  5.06639481e-07]
 [ 4.05032188e-06 -7.68899918e-06  1.00000006e+00]
 [ 4.03169543e-06  9.99993235e-01 -2.35438347e-06]
 [ 3.98606062e-06  9.99992639e-01 -2.98023224e-07]
 [ 1.00000417e+00 -7.86781311e-06 -1.69873238e-06]
 [ 1.00000397e+00 -5.21540642e-06 -2.59280205e-06]
 [ 4.21423465e-06 -7.31647015e-06  9.99999344e-01]
 [ 3.87337059e-06  9.99991745e-01  2.98023224e-07]
 [ 1.00000378e+00 -8.22544098e-06 -4.17232513e-07]
 [ 1.00000404e+00 -9.05990601e-06 -2.98023224e-08]
 [ 1.00000455e+00 -1.03116035e-05  2.26497650e-06]
 [ 1.00000423e+00 -6.94394112e-06 -1.60932541e-06]
 [ 4.21702862e-06  9.99991655e-01 -7.45058060e-07]
 [ 4.10247594e-06 -8.01682472e-06  1.00000080e+00]
 [ 1.00000422e+00 -8.97049904e-06 -2.98023224e-08]
 [ 4.38187271e-06 -8.58306885e-06  1.00000075e+00]
 [ 4.08198684e-06  9.99991238e-01  1.40070915e-06]
 [ 4.04845923e-06  9.99991328e-01  2.62260437e-06]
 [ 4.02424484e-06  9.99991596e-01 -3.57627869e-07]
 [ 4.33158129e-06  9.99991983e-01 -1.37090683e-06]
 [ 1.00000438e+00 -7.65919685e-06  8.94069672e-08]
 [ 4.05497849e-06 -5.63263893e-06  9.99998480e-01]
 [ 3.95160168e-06 -6.22868538e-06  9.99997795e-01]
 [ 1.00000439e+00 -7.53998756e-06  1.37090683e-06]
 [ 4.37442213e-06  9.99989450e-01  2.17556953e-06]
 [ 3.87895852e-06 -8.80658627e-06  1.00000149e+00]
 [ 3.77371907e-06  9.99991745e-01  5.96046448e-07]
 [ 4.23379242e-06 -7.30156898e-06  9.99998420e-01]
 [ 3.97209078e-06  9.99993801e-01 -2.20537186e-06]
 [ 4.03635204e-06  9.99992669e-01 -5.96046448e-07]
 [ 4.07174230e-06 -6.52670860e-06  9.99999672e-01]
 [ 3.93763185e-06 -9.74535942e-06  1.00000113e+00]
 [ 4.08198684e-06  9.99991626e-01 -1.49011612e-07]
 [ 4.71621752e-06  9.99989152e-01  1.93715096e-06]
 [ 1.00000378e+00 -8.70227814e-06  1.25169754e-06]
 [ 1.00000409e+00 -8.58306885e-06  4.17232513e-07]
 [ 3.83425504e-06 -9.38773155e-06  1.00000376e+00]
 [ 4.24962491e-06 -9.40263271e-06  1.00000113e+00]
 [ 1.00000417e+00 -9.44733620e-06  1.10268593e-06]
 [ 4.05870378e-06  9.99994487e-01 -1.43051147e-06]
 [ 4.04193997e-06 -5.05149364e-06  9.99996424e-01]
 [ 1.00000435e+00 -9.41753387e-06  1.13248825e-06]
 [ 4.06522304e-06  9.99991864e-01  9.83476639e-07]
 [ 4.28315252e-06 -7.76350498e-06  9.99999434e-01]
 [ 3.92459333e-06 -6.94394112e-06  9.99999315e-01]
 [ 4.44892794e-06 -9.41753387e-06  1.00000057e+00]
 [ 4.21423465e-06 -5.96046448e-06  9.99998271e-01]
 [ 4.09875065e-06 -1.09970570e-05  1.00000149e+00]
 [ 4.05684114e-06  9.99995410e-01 -2.86102295e-06]
 [ 4.09875065e-06 -7.59959221e-06  1.00000012e+00]
 [ 1.00000422e+00 -8.01682472e-06  2.98023224e-07]
 [ 4.02331352e-06  9.99991477e-01 -3.27825546e-07]
 [ 4.16394323e-06  9.99992311e-01 -1.07288361e-06]
 [ 4.08850610e-06 -6.97374344e-06  1.00000072e+00]
 [ 4.00003046e-06 -5.55813313e-06  9.99998838e-01]
 [ 3.97302210e-06  9.99992132e-01 -2.68220901e-07]
 [ 3.94228846e-06 -9.68575478e-06  1.00000182e+00]
 [ 1.00000431e+00 -8.46385956e-06  7.45058060e-07]
 [ 1.00000404e+00 -1.10566616e-05  4.58955765e-06]
 [ 4.29525971e-06  9.99992549e-01 -8.64267349e-07]
 [ 1.00000404e+00 -6.52670860e-06 -1.69873238e-06]
 [ 4.05125320e-06  9.99990851e-01 -1.49011612e-07]
 [ 4.25148755e-06  9.99990404e-01  6.25848770e-07]
 [ 1.00000387e+00 -7.30156898e-06 -7.15255737e-07]
 [ 4.36604023e-06  9.99993205e-01 -1.16229057e-06]
 [ 1.00000387e+00 -6.19888306e-06 -1.90734863e-06]
 [ 3.93297523e-06 -6.76512718e-06  9.99998033e-01]
 [ 3.88361514e-06  9.99992490e-01  1.37090683e-06]
 [ 1.00000429e+00 -7.30156898e-06 -2.98023224e-07]
 [ 1.00000411e+00 -9.53674316e-06  1.19209290e-06]
 [ 1.00000431e+00 -8.70227814e-06  4.76837158e-07]
 [ 1.00000411e+00 -8.76188278e-06  4.47034836e-07]
 [ 3.92924994e-06 -8.65757465e-06  1.00000045e+00]
 [ 4.28035855e-06  9.99992549e-01 -1.43051147e-06]
 [ 1.00000386e+00 -8.94069672e-06  8.64267349e-07]
 [ 1.00000397e+00 -8.91089439e-06  9.83476639e-07]
 [ 1.00000447e+00 -8.61287117e-06  3.87430191e-07]
 [ 4.01958823e-06 -4.78327274e-06  9.99996543e-01]
 [ 1.00000412e+00 -5.51342964e-06 -1.75833702e-06]
 [ 4.40981239e-06 -7.80820847e-06  1.00000054e+00]
 [ 3.96557152e-06 -7.36117363e-06  9.99999732e-01]
 [ 1.00000400e+00 -7.83801079e-06  7.74860382e-07]
 [ 4.43588942e-06  9.99993026e-01 -1.13248825e-06]
 [ 1.00000422e+00 -9.86456871e-06  1.57952309e-06]
 [ 1.00000412e+00 -8.79168510e-06  1.07288361e-06]
 [ 4.16673720e-06 -9.44733620e-06  1.00000060e+00]
 [ 1.00000396e+00 -5.69224358e-06 -8.64267349e-07]
 [ 4.09781933e-06  9.99992460e-01 -1.49011612e-07]
 [ 1.00000423e+00 -7.98702240e-06  5.06639481e-07]
 [ 4.09875065e-06  9.99992788e-01  6.55651093e-07]
 [ 4.04752791e-06  9.99992222e-01  8.04662704e-07]
 [ 4.18815762e-06  9.99991834e-01  4.76837158e-07]
 [ 1.00000438e+00 -1.04308128e-05  2.47359276e-06]
 [ 1.00000415e+00 -8.58306885e-06  1.49011612e-07]
 [ 1.00000399e+00 -7.51018524e-06 -2.08616257e-06]]