[[-8.34465027e-06  6.13927841e-06  1.00000283e+00]
 [ 9.99992188e-01  1.68085098e-05 -6.25848770e-06]
 [-8.40798020e-06  1.00731850e-05  1.00000048e+00]
 [ 9.99989714e-01 -1.16825104e-05  2.32756138e-05]
 [ 9.99992616e-01  2.80141830e-05 -1.80006027e-05]
 [-7.24196434e-06  3.37362289e-05  9.99974877e-01]
 [-8.19563866e-06  1.00001466e+00 -5.63263893e-06]
 [-8.65384936e-06  7.92741776e-06  1.00000188e+00]
 [-8.25151801e-06  1.36494637e-05  9.99999046e-01]
 [-7.83056021e-06  1.00001651e+00 -7.71880150e-06]
 [-1.03749335e-05  9.99982178e-01  2.99513340e-05]
 [ 9.99990791e-01  2.20537186e-06  8.64267349e-06]
 [-8.67992640e-06  1.72853470e-06  1.00000679e+00]
 [-7.32392073e-06  2.31862068e-05  9.99986082e-01]
 [-8.06525350e-06  1.00001758e+00 -6.55651093e-06]
 [-7.04824924e-06  2.63452530e-05  9.99981314e-01]
 [ 9.99991167e-01 -1.49011612e-06  1.20103359e-05]
 [ 9.99991659e-01  1.36494637e-05 -3.54647636e-06]
 [ 9.99990754e-01 -5.60283661e-06  1.65104866e-05]
 [-8.70227814e-06  1.00000662e+00  2.56299973e-06]
 [-7.71880150e-06  1.00002867e+00 -1.86562538e-05]
 [-9.85711813e-06 -1.75237656e-05  1.00002953e+00]
 [-8.17328691e-06  1.49011612e-05  9.99996275e-01]
 [ 9.99991279e-01  1.02519989e-05 -7.45058060e-07]
 [ 9.99992076e-01  2.22921371e-05 -1.18911266e-05]
 [-6.91413879e-06  1.00002939e+00 -2.20239162e-05]
 [-7.34627247e-06  1.00002253e+00 -1.20103359e-05]
 [-9.22009349e-06 -3.09944153e-06  1.00001419e+00]
 [-8.21426511e-06  1.00001419e+00 -5.21540642e-06]
 [ 9.99992047e-01  2.07424164e-05 -9.92417336e-06]
 [-9.97632742e-06  9.99986351e-01  2.22921371e-05]
 [ 9.99992877e-01  2.33650208e-05 -1.22189522e-05]
 [-9.95025039e-06  9.99992430e-01  1.68681145e-05]
 [ 9.99992929e-01  2.86698341e-05 -1.91032887e-05]
 [-7.51763582e-06  1.46627426e-05  9.99993205e-01]
 [ 9.99992855e-01  2.12192535e-05 -1.19805336e-05]
 [ 9.99991529e-01  6.61611557e-06  4.44054604e-06]
 [-8.43405724e-06  6.79492950e-06  1.00000271e+00]
 [-7.04452395e-06  2.27689743e-05  9.99986470e-01]
 [ 9.99991965e-01  2.02655792e-06  1.01029873e-05]
 [-7.00354576e-06  1.00002915e+00 -1.94609165e-05]
 [-7.77095556e-06  1.00002080e+00 -1.15036964e-05]
 [-8.79168510e-06  1.00000608e+00  4.32133675e-06]
 [ 9.99991968e-01  1.44839287e-05 -4.47034836e-06]
 [-9.15303826e-06  1.00000072e+00  8.64267349e-06]
 [-7.13393092e-06  1.00002146e+00 -1.20103359e-05]
 [-8.89226794e-06  9.99997079e-01  1.30534172e-05]
 [-8.05780292e-06  8.46385956e-06  1.00000051e+00]
 [-9.46223736e-06  9.99998868e-01  1.36792660e-05]
 [-8.37445259e-06  1.00001061e+00 -5.96046448e-07]
 [-7.86036253e-06  1.30534172e-05  9.99998420e-01]
 [-8.46385956e-06  6.19888306e-06  1.00000459e+00]
 [-7.70762563e-06  1.24573708e-05  9.99996126e-01]
 [-9.10460949e-06 -9.05990601e-06  1.00002033e+00]
 [-7.87898898e-06  1.14440918e-05  9.99998271e-01]
 [-7.64057040e-06  6.31809235e-06  1.00000271e+00]
 [-7.79330730e-06  1.00001067e+00 -2.08616257e-06]
 [ 9.99992058e-01  5.24520874e-06  4.76837158e-06]
 [-7.74115324e-06  1.00001526e+00 -6.07967377e-06]
 [-7.06687570e-06  1.00003397e+00 -2.35140324e-05]
 [-8.27759504e-06  1.00001210e+00 -3.33786011e-06]
 [ 9.99993358e-01  2.87294388e-05 -1.93715096e-05]
 [-8.94814730e-06  1.00000513e+00  4.32133675e-06]
 [-7.58096576e-06  1.00002378e+00 -1.50501728e-05]
 [-8.27386975e-06  1.00001073e+00 -9.23871994e-07]
 [ 9.99990560e-01 -1.60932541e-06  1.37984753e-05]
 [-7.90506601e-06  1.00001860e+00 -7.71880150e-06]
 [ 9.99991715e-01  7.62939453e-06  1.43051147e-06]
 [ 9.99991696e-01  1.19209290e-05 -1.43051147e-06]
 [-9.08598304e-06 -8.94069672e-07  1.00001293e+00]
 [-8.19563866e-06  1.26957893e-05  9.99995977e-01]
 [-8.40425491e-06  9.00030136e-06  9.99999702e-01]
 [-7.91251659e-06  1.00001168e+00  1.78813934e-07]
 [-7.77468085e-06  1.26361847e-05  9.99996990e-01]
 [-8.81403685e-06  2.80141830e-06  1.00000998e+00]
 [-8.70972872e-06  5.00679016e-06  1.00000566e+00]
 [-7.60704279e-06  1.87158585e-05  9.99989718e-01]
 [-7.00354576e-06  2.15172768e-05  9.99986798e-01]
 [ 9.99991290e-01  6.02006912e-06  6.25848770e-06]
 [-9.18284059e-06  1.00000256e+00  6.85453415e-06]
 [-8.19563866e-06  1.00001073e+00 -1.07288361e-06]
 [-1.02147460e-05  9.99982536e-01  2.92062759e-05]
 [-8.79168510e-06  2.32458115e-06  1.00000718e+00]
 [ 9.99991812e-01  9.00030136e-06  2.23517418e-06]
 [ 9.99992248e-01  9.00030136e-06  5.06639481e-07]
 [ 9.99992523e-01  1.35302544e-05 -4.61935997e-06]
 [ 9.99992210e-01  1.79409981e-05 -9.08970833e-06]
 [ 9.99991745e-01  6.37769699e-06  5.18560410e-06]
 [-8.25896859e-06  1.00000829e+00  1.93715096e-06]
 [-7.29411840e-06  1.94907188e-05  9.99988914e-01]
 [-9.14558768e-06  9.99997497e-01  1.44541264e-05]
 [-7.63684511e-06  1.00001645e+00 -8.16583633e-06]
 [ 9.99991551e-01  1.09672546e-05  1.57952309e-06]
 [-8.21426511e-06  1.00000387e+00  4.47034836e-06]
 [ 9.99990683e-01 -1.36494637e-05  2.50935555e-05]
 [-8.13230872e-06  1.46031380e-05  9.99994636e-01]
 [-9.32067633e-06 -1.14440918e-05  1.00002250e+00]
 [-7.86781311e-06  1.22189522e-05  9.99995857e-01]
 [ 9.99992274e-01  2.39014626e-05 -1.40368938e-05]
 [-8.50483775e-06  9.47713852e-06  1.00000110e+00]
 [-9.77516174e-06  9.99997377e-01  1.25765800e-05]
 [-7.38725066e-06  1.00003034e+00 -2.26497650e-05]
 [ 9.99992687e-01  1.97291374e-05 -1.03116035e-05]
 [ 9.99991998e-01  1.20401382e-05 -3.87430191e-06]
 [ 9.99991667e-01  1.12652779e-05 -4.47034836e-07]
 [ 9.99991886e-01  1.56760216e-05 -4.35113907e-06]
 [ 9.99989424e-01 -1.43647194e-05  2.72393227e-05]
 [-8.44150782e-06  1.00000358e+00  8.01682472e-06]
 [-7.61449337e-06  1.00001740e+00 -8.79168510e-06]
 [-8.64267349e-06  9.99999881e-01  1.05798244e-05]
 [-7.94976950e-06  1.41263008e-05  9.99994248e-01]
 [-7.86781311e-06  1.66893005e-05  9.99993205e-01]
 [-9.22381878e-06  9.99994099e-01  1.75535679e-05]
 [ 9.99991421e-01  1.03712082e-05  1.16229057e-06]
 [-7.42077827e-06  1.00002080e+00 -1.26063824e-05]
 [-8.87364149e-06  9.99997497e-01  1.34706497e-05]
 [ 9.99991339e-01  3.45706940e-06  6.58631325e-06]
 [ 9.99992356e-01  2.19345093e-05 -1.33514404e-05]
 [-7.99447298e-06  1.66893005e-05  9.99992847e-01]
 [-8.07642937e-06  1.00001985e+00 -9.29832458e-06]
 [-8.05407763e-06  1.31130219e-05  9.99996483e-01]
 [ 9.99992203e-01  1.99079514e-05 -1.09970570e-05]
 [ 9.99991573e-01  1.43051147e-05 -3.01003456e-06]
 [-7.34254718e-06  1.94311142e-05  9.99989539e-01]
 [ 9.99990284e-01 -1.50203705e-05  2.77161598e-05]
 [ 9.99990981e-01  2.08616257e-06  6.85453415e-06]
 [ 9.99992665e-01  2.50935555e-05 -1.54972076e-05]
 [ 9.99992013e-01  1.72257423e-05 -7.74860382e-06]
 [-8.15466046e-06  1.00000912e+00  8.04662704e-07]
 [-7.94604421e-06  1.00001419e+00 -4.52995300e-06]
 [-8.14348459e-06  1.00001580e+00 -7.21216202e-06]
 [-6.77630305e-06  2.62260437e-05  9.99980778e-01]
 [ 9.99991927e-01  1.68085098e-05 -6.07967377e-06]
 [-7.39842653e-06  1.46627426e-05  9.99994576e-01]]