[[-3.14787030e-07  1.47223473e-05  9.99982625e-01]
 [-2.09733844e-06  1.12205744e-05  9.99988019e-01]
 [ 1.00000151e+00  1.87754631e-05 -2.31862068e-05]
 [-4.41260636e-06  1.00000320e+00 -2.86102295e-06]
 [-2.14576721e-06  1.00001021e+00 -9.73045826e-06]
 [-1.73971057e-06  1.12354755e-05  9.99986902e-01]
 [-1.65775418e-06  1.00001152e+00 -1.19209290e-05]
 [-3.23727727e-06  7.16745853e-06  9.99992043e-01]
 [-6.98398799e-06 -2.13086605e-06  1.00000770e+00]
 [-4.21889126e-06  1.00000319e+00 -1.63912773e-06]
 [-2.89734453e-06  8.37445259e-06  9.99991193e-01]
 [-5.36441803e-06  1.72853470e-06  1.00000146e+00]
 [-2.19792128e-06  1.00000983e+00 -1.09970570e-05]
 [-3.13762575e-06  6.91413879e-06  9.99990895e-01]
 [-7.54185021e-06 -4.24683094e-06  1.00000988e+00]
 [-5.26756048e-06  1.00000180e+00  4.02331352e-07]
 [ 9.99998257e-01  9.98377800e-06 -1.14440918e-05]
 [ 9.99996345e-01  5.18560410e-06 -4.42564487e-06]
 [ 2.91783363e-06  2.34544277e-05  9.99969035e-01]
 [-5.31040132e-06  1.40070915e-06  9.99999925e-01]
 [ 9.99997603e-01  8.37445259e-06 -7.43567944e-06]
 [-2.46614218e-06  1.00000891e+00 -9.55164433e-06]
 [-4.55044210e-06  1.00000274e+00 -1.71363354e-06]
 [ 9.99997731e-01  8.88109207e-06 -1.00582838e-05]
 [-4.72553074e-06  1.00000234e+00 -2.30967999e-06]
 [-4.62681055e-06  1.00000326e+00 -2.86102295e-06]
 [ 9.99995662e-01  2.41398811e-06 -1.14738941e-06]
 [-1.24797225e-07  1.00001514e+00 -1.92970037e-05]
 [ 9.99995908e-01  3.66568565e-06 -1.81794167e-06]
 [ 9.99995383e-01  3.02493572e-06 -1.59442425e-06]
 [-5.66989183e-06 -4.47034836e-07  1.00000232e+00]
 [-2.69524753e-06  1.00000592e+00 -8.71717930e-06]
 [-4.91365790e-06  1.00000159e+00 -4.02331352e-07]
 [ 9.99996122e-01  3.38256359e-06 -2.89082527e-06]
 [ 9.99999279e-01  1.35600567e-05 -1.63018703e-05]
 [ 1.00000098e+00  1.61081553e-05 -2.04592943e-05]
 [-3.34344804e-06  1.00000720e+00 -7.71880150e-06]
 [ 9.99999350e-01  1.29938126e-05 -1.63316727e-05]
 [ 9.99997651e-01  8.07642937e-06 -8.32974911e-06]
 [-8.84756446e-07  1.00001107e+00 -1.24722719e-05]
 [-4.36604023e-06  1.00000249e+00 -3.27825546e-06]
 [-5.49852848e-06  1.00000124e+00  5.96046448e-07]
 [ 9.99999342e-01  1.30534172e-05 -1.54525042e-05]
 [-3.86126339e-06  1.00000434e+00 -2.23517418e-06]
 [-3.31550837e-07  1.32769346e-05  9.99982089e-01]
 [ 9.99994643e-01  7.45058060e-08  1.49011612e-06]
 [-2.75485218e-06  5.97536564e-06  9.99993220e-01]
 [ 1.42678618e-06  2.06828117e-05  9.99974549e-01]
 [ 9.99993879e-01 -2.47359276e-06  5.69224358e-06]
 [-6.08898699e-06 -5.31971455e-06  1.00000818e+00]
 [-3.64053994e-06  5.36441803e-06  9.99997392e-01]
 [-2.83215195e-06  7.91251659e-06  9.99992505e-01]
 [-6.73346221e-06  9.99998376e-01  4.06801701e-06]
 [-3.88547778e-06  1.00000417e+00 -3.65078449e-06]
 [ 9.99996394e-01  6.19888306e-06 -6.54160976e-06]
 [-6.41494989e-06  9.99995485e-01  8.07642937e-06]
 [-3.97581607e-06  5.76674938e-06  9.99994844e-01]
 [-4.08105552e-06  1.00000420e+00 -2.50339508e-06]
 [-7.65547156e-07  1.00001326e+00 -1.55121088e-05]
 [ 9.99991696e-01 -9.81986523e-06  1.41710043e-05]
 [ 9.99999240e-01  9.95397568e-06 -1.25467777e-05]
 [-9.32626426e-06 -9.86456871e-06  1.00001578e+00]
 [-1.13435090e-06  1.37835741e-05  9.99983355e-01]
 [-3.29501927e-06  1.00000194e+00 -3.32295895e-06]
 [-3.24845314e-06  1.00000541e+00 -7.34627247e-06]
 [ 9.99993622e-01 -2.01165676e-06  6.24358654e-06]
 [ 9.99997899e-01  1.05649233e-05 -9.04500484e-06]
 [ 9.99995554e-01  6.70552254e-07  4.02331352e-07]
 [-2.28546560e-06  1.00000754e+00 -1.06096268e-05]
 [-8.21612775e-06 -6.31809235e-06  1.00000796e+00]
 [ 9.99994801e-01  7.45058060e-08  2.62260437e-06]
 [ 9.99993727e-01 -4.00841236e-06  7.01844692e-06]
 [-3.77930701e-06  6.80983067e-06  9.99995425e-01]
 [-3.68990004e-06  6.15417957e-06  9.99995008e-01]
 [-2.59838998e-06  1.00000609e+00 -6.85453415e-06]
 [ 9.99996964e-01  7.53998756e-06 -7.85291195e-06]
 [-3.08826566e-06  6.67572021e-06  9.99992266e-01]
 [ 9.99996243e-01  2.86102295e-06 -2.50339508e-06]
 [ 1.05239451e-06  1.00001539e+00 -2.07573175e-05]
 [ 9.99995969e-01  3.27825546e-06 -3.35276127e-06]
 [-1.74716115e-06  9.07480717e-06  9.99987483e-01]
 [ 9.99995582e-01  7.59959221e-07  7.89761543e-07]
 [ 9.99996129e-01  6.49690628e-06 -5.28991222e-06]
 [-6.72414899e-07  1.00001243e+00 -1.58250332e-05]
 [ 9.99992546e-01 -7.68899918e-06  9.03010368e-06]
 [-2.17370689e-06  1.00000635e+00 -8.40425491e-06]
 [-4.71528620e-06  8.19563866e-07  1.00000051e+00]
 [ 6.51925802e-07  1.51097775e-05  9.99980375e-01]
 [-2.82004476e-06  1.00000682e+00 -6.86943531e-06]
 [ 1.49197876e-06  1.00001834e+00 -2.09510326e-05]
 [-2.23610550e-06  1.05053186e-05  9.99989748e-01]
 [-6.24544919e-06 -2.27987766e-06  1.00000522e+00]
 [-2.85170972e-06  8.55326653e-06  9.99991491e-01]
 [ 9.99997081e-01  6.48200512e-06 -6.15417957e-06]
 [-9.82172787e-06  9.99989510e-01  1.74641609e-05]
 [ 9.99998836e-01  1.18166208e-05 -1.28746033e-05]
 [ 9.99997003e-01  5.57303429e-06 -5.61773777e-06]
 [-4.25986946e-06  1.00000148e+00 -5.36441803e-07]
 [-4.62122262e-06  1.00000031e+00  7.74860382e-07]
 [-3.28198075e-06  1.00000675e+00 -5.52833080e-06]
 [-2.77906656e-06  6.28829002e-06  9.99993533e-01]
 [-1.17719173e-06  1.16676092e-05  9.99986380e-01]
 [ 9.99997025e-01  7.55488873e-06 -7.53998756e-06]
 [-2.83680856e-06  1.00000504e+00 -5.54323196e-06]
 [-1.32247806e-06  9.14931297e-06  9.99989063e-01]
 [-6.73625618e-06 -4.17232513e-06  1.00000690e+00]
 [-7.63311982e-06 -5.91576099e-06  1.00001039e+00]
 [-3.82214785e-06  4.99188900e-06  9.99995008e-01]
 [ 9.99995487e-01  1.50501728e-06 -1.26659870e-06]
 [ 9.99999762e-01  1.45435333e-05 -1.81943178e-05]
 [-2.13459134e-06  9.16421413e-06  9.99990493e-01]
 [ 9.99997387e-01  9.22381878e-06 -8.56816769e-06]
 [ 1.76392496e-06  1.83284283e-05  9.99976873e-01]
 [-6.09271228e-06 -1.78813934e-07  1.00000337e+00]
 [-4.42191958e-06  1.00000130e+00 -2.19047070e-06]
 [ 9.99996090e-01  4.79817390e-06 -4.66406345e-06]
 [-4.03821468e-06  1.00000300e+00 -2.96533108e-06]
 [ 1.00000113e+00  1.58250332e-05 -2.04890966e-05]
 [-3.16463411e-06  4.66406345e-06  9.99994829e-01]
 [-8.00937414e-08  1.44839287e-05  9.99981716e-01]
 [-5.01796603e-06  4.17232513e-07  9.99998942e-01]
 [ 9.99994529e-01 -3.72529030e-07  4.79817390e-06]
 [-7.43195415e-07  1.00001201e+00 -1.52885914e-05]
 [ 1.65961683e-06  1.00001697e+00 -2.25603580e-05]
 [-5.87850809e-06  9.99999762e-01  2.62260437e-06]
 [-1.43796206e-06  1.01178885e-05  9.99987215e-01]
 [ 9.99994878e-01  4.61935997e-07  1.93715096e-06]
 [-9.63918865e-06  9.99988183e-01  1.71661377e-05]
 [-6.99050725e-06  9.99997154e-01  7.61449337e-06]
 [-4.52809036e-06  3.11434269e-06  9.99999255e-01]
 [-3.29688191e-06  1.00000478e+00 -4.21702862e-06]
 [-4.75253910e-06  1.00000320e+00 -1.65402889e-06]
 [ 9.99997349e-01  6.43730164e-06 -7.94231892e-06]
 [ 9.99998704e-01  8.83638859e-06 -1.15633011e-05]]