[[-5.17442822e-06  2.86102295e-06  9.99998361e-01]
 [-5.11482358e-06  5.85615635e-06  9.99996006e-01]
 [ 9.99994762e-01  1.84774399e-06 -3.87430191e-07]
 [-5.11109829e-06  1.00000183e+00 -8.94069672e-08]
 [ 9.99995083e-01  5.08129597e-06 -3.09944153e-06]
 [-5.25638461e-06  6.10947609e-07  1.00000039e+00]
 [-5.74067235e-06  6.02006912e-06  9.99996752e-01]
 [-5.25638461e-06  3.82959843e-06  9.99997199e-01]
 [-5.79282641e-06  2.16066837e-06  1.00000051e+00]
 [-4.53740358e-06  1.56462193e-06  9.99998748e-01]
 [ 9.99994464e-01  1.32620335e-06 -4.76837158e-07]
 [ 9.99994293e-01  3.53157520e-06 -1.78813934e-07]
 [ 9.99994472e-01  1.98185444e-06 -5.96046448e-08]
 [ 9.99994658e-01  4.67896461e-06 -3.75509262e-06]
 [-4.78327274e-06  1.00000276e+00 -1.51991844e-06]
 [-5.56558371e-06  1.00000419e+00 -1.81794167e-06]
 [-5.14835119e-06  3.27825546e-06  9.99997765e-01]
 [-5.18560410e-06  1.00000253e+00 -8.04662704e-07]
 [-4.96208668e-06  1.00000481e+00 -4.44054604e-06]
 [-4.90993261e-06  1.00000353e+00 -3.03983688e-06]
 [-4.85032797e-06  2.87592411e-06  9.99997467e-01]
 [-5.40912151e-06  1.00000186e+00  2.38418579e-07]
 [-4.96581197e-06  1.00000381e+00 -3.33786011e-06]
 [ 9.99994036e-01  4.09781933e-06 -5.66244125e-07]
 [-4.80934978e-06  3.05473804e-06  9.99998778e-01]
 [-4.95463610e-06  1.00000262e+00 -2.08616257e-06]
 [ 9.99995034e-01  3.99351120e-06 -1.46031380e-06]
 [-5.48362732e-06  3.65078449e-06  9.99997616e-01]
 [-4.44799662e-06  1.00000295e+00 -2.80141830e-06]
 [-5.36069274e-06  4.05311584e-06  9.99997675e-01]
 [-5.53578138e-06  2.45869160e-06  9.99999285e-01]
 [-4.89130616e-06  1.00000261e+00 -1.75833702e-06]
 [ 9.99995261e-01  1.53481960e-06  1.78813934e-07]
 [-5.14835119e-06  9.68575478e-07  9.99999583e-01]
 [-5.06639481e-06  1.00000334e+00 -1.01327896e-06]
 [-4.71994281e-06  1.00000128e+00 -8.94069672e-08]
 [-5.19677997e-06  1.00000286e+00 -2.38418579e-06]
 [-4.95091081e-06  4.54485416e-06  9.99997467e-01]
 [-5.07384539e-06  1.00000404e+00 -2.56299973e-06]
 [-4.69759107e-06  3.85940075e-06  9.99997079e-01]
 [ 9.99994591e-01  4.45544720e-06 -1.49011612e-06]
 [-4.97698784e-06  3.50177288e-06  9.99997228e-01]
 [-5.04404306e-06  1.00000250e+00 -1.25169754e-06]
 [ 9.99994915e-01  3.82959843e-06 -2.41398811e-06]
 [-5.08129597e-06  1.00000361e+00 -3.39746475e-06]
 [ 9.99994833e-01  1.32620335e-06  9.23871994e-07]
 [-4.73856926e-06  5.34951687e-06  9.99995708e-01]
 [ 9.99994669e-01  3.59117985e-06 -2.08616257e-06]
 [-4.89503145e-06  1.00000197e+00 -1.28149986e-06]
 [ 9.99994706e-01  5.69224358e-06 -2.92062759e-06]
 [ 9.99994680e-01  3.41236591e-06 -2.05636024e-06]
 [-5.26756048e-06  2.53319740e-06  9.99998182e-01]
 [-4.89130616e-06  5.36441803e-06  9.99996752e-01]
 [-4.75719571e-06  1.00000434e+00 -3.42726707e-06]
 [ 9.99995425e-01  2.66730785e-06 -1.84774399e-06]
 [-5.06639481e-06  1.00000206e+00 -1.01327896e-06]
 [-5.07012010e-06  1.00000198e+00  1.40070915e-06]
 [-4.89130616e-06  1.00000234e+00 -1.54972076e-06]
 [-4.89503145e-06  1.00000247e+00 -2.17556953e-06]
 [ 9.99994550e-01  4.39584255e-06 -2.47359276e-06]
 [-4.83542681e-06  4.05311584e-06  9.99997050e-01]
 [ 9.99994267e-01  6.18398190e-06 -4.52995300e-06]
 [ 9.99994434e-01  4.78327274e-06 -2.53319740e-06]
 [-4.94346023e-06  1.00000517e+00 -2.80141830e-06]
 [-5.52088022e-06  4.87267971e-06  9.99998093e-01]
 [-5.15207648e-06  1.87754631e-06  1.00000089e+00]
 [-5.27873635e-06  3.59117985e-06  9.99996424e-01]
 [-4.77582216e-06  1.00000304e+00 -2.29477882e-06]
 [ 9.99994647e-01  4.38094139e-06 -2.32458115e-06]
 [-5.47245145e-06  1.00000349e+00 -3.36766243e-06]
 [-5.20795584e-06  1.00000177e+00 -1.51991844e-06]
 [ 9.99994796e-01  4.96208668e-06 -1.81794167e-06]
 [ 9.99994937e-01  4.64916229e-06 -2.74181366e-06]
 [ 9.99994863e-01  3.47197056e-06 -2.50339508e-06]
 [-4.97698784e-06  4.55975533e-06  9.99996543e-01]
 [ 9.99994837e-01  3.11434269e-06 -1.66893005e-06]
 [ 9.99995567e-01  1.57952309e-06 -9.53674316e-07]
 [-5.05894423e-06  1.00000362e+00 -3.12924385e-06]
 [ 9.99994896e-01  2.80141830e-06 -7.15255737e-07]
 [-4.60073352e-06  3.11434269e-06  9.99997765e-01]
 [ 9.99994453e-01  3.75509262e-06 -1.46031380e-06]
 [-5.28246164e-06  1.00000498e+00 -2.02655792e-06]
 [-5.67361712e-06  3.93390656e-06  9.99998003e-01]
 [-5.24893403e-06  5.17070293e-06  9.99996126e-01]
 [-5.20050526e-06  1.00000516e+00 -3.21865082e-06]
 [-5.09619713e-06  1.00000344e+00 -2.41398811e-06]
 [ 9.99995012e-01  2.33948231e-06 -1.66893005e-06]
 [-4.73484397e-06  7.15255737e-07  1.00000024e+00]
 [ 9.99994926e-01  2.71201134e-06 -2.11596489e-06]
 [ 9.99994837e-01  4.08291817e-06 -3.09944153e-06]
 [-5.24893403e-06  4.99188900e-06  9.99995887e-01]
 [-5.24148345e-06  1.00000218e+00 -1.07288361e-06]
 [ 9.99994624e-01  5.02169132e-06 -1.87754631e-06]
 [ 9.99994922e-01  2.36928463e-06  7.74860382e-07]
 [ 9.99994893e-01  4.87267971e-06 -3.78489494e-06]
 [ 9.99994937e-01  3.87430191e-06 -1.28149986e-06]
 [ 9.99994736e-01  3.68058681e-06 -2.86102295e-06]
 [ 9.99994654e-01  3.88920307e-06 -1.72853470e-06]
 [-4.67151403e-06  8.94069672e-07  9.99998868e-01]
 [ 9.99995191e-01  2.63750553e-06 -6.85453415e-07]
 [ 9.99995146e-01  1.44541264e-06 -1.46031380e-06]
 [ 9.99994673e-01  2.44379044e-06 -1.72853470e-06]
 [-5.12972474e-06  1.00000396e+00 -3.27825546e-06]
 [-5.20050526e-06  3.82959843e-06  9.99998540e-01]
 [-4.94718552e-06  1.00000253e+00 -1.57952309e-06]
 [-4.77582216e-06  3.91900539e-06  9.99998510e-01]
 [-4.63798642e-06  1.00000401e+00 -1.93715096e-06]
 [ 9.99994639e-01  4.94718552e-06 -3.93390656e-06]
 [ 9.99994755e-01  4.57465649e-06 -3.03983688e-06]
 [ 9.99994673e-01  3.20374966e-06 -2.83122063e-06]
 [-5.39049506e-06  3.88920307e-06  9.99996632e-01]
 [-4.98816371e-06  1.00000283e+00 -1.78813934e-06]
 [-5.27501106e-06  6.10947609e-06  9.99994636e-01]
 [-4.60818410e-06  7.45058060e-07  9.99999553e-01]
 [-4.53740358e-06  1.00000095e+00  1.28149986e-06]
 [-5.49852848e-06  3.03983688e-06  9.99999225e-01]
 [-4.93600965e-06  3.29315662e-06  9.99997377e-01]
 [-4.79444861e-06  1.00000417e+00 -2.05636024e-06]
 [-4.59700823e-06  1.00000140e+00 -1.49011612e-07]
 [ 9.99995042e-01  9.38773155e-07  5.96046448e-08]
 [-5.07012010e-06  1.00000231e+00 -3.87430191e-07]
 [-5.02169132e-06  1.00000495e+00 -2.38418579e-06]
 [-4.70131636e-06  1.00000224e+00 -2.11596489e-06]
 [-4.71994281e-06  1.00000247e+00  5.06639481e-07]
 [-5.09619713e-06  1.00000203e+00  0.00000000e+00]
 [-5.07757068e-06  3.76999378e-06  9.99997377e-01]
 [-5.07757068e-06  1.00000402e+00 -1.69873238e-06]
 [-5.23403287e-06  2.98023224e-06  9.99997228e-01]
 [ 9.99994799e-01  3.65078449e-06 -1.93715096e-06]
 [ 9.99994408e-01  2.07126141e-06 -8.94069672e-08]
 [-5.74812293e-06  4.78327274e-06  9.99998838e-01]
 [-5.37186861e-06  1.00000294e+00 -1.78813934e-06]
 [-5.46500087e-06  2.98023224e-06  9.99998480e-01]
 [-4.86150384e-06  1.00000468e+00 -2.89082527e-06]]