[[ 9.99997187e-01 -5.57303429e-06 -2.20537186e-06]
 [-2.84612179e-06 -4.91738319e-06  9.99997914e-01]
 [-2.98768282e-06 -5.84125519e-06  9.99998212e-01]
 [-2.67475843e-06  9.99993563e-01 -8.04662704e-07]
 [-3.05473804e-06 -5.39422035e-06  9.99998838e-01]
 [ 9.99997042e-01 -6.37769699e-06 -1.04308128e-06]
 [ 9.99997415e-01 -5.24520874e-06 -1.60932541e-06]
 [-2.65985727e-06 -3.36766243e-06  9.99996096e-01]
 [-2.70828605e-06  9.99994904e-01 -2.53319740e-06]
 [-2.95788050e-06 -5.21540642e-06  9.99998093e-01]
 [ 9.99997362e-01 -5.48362732e-06 -1.84774399e-06]
 [-2.86474824e-06 -5.12599945e-06  9.99997765e-01]
 [-3.02121043e-06 -6.37769699e-06  9.99999255e-01]
 [-2.89455056e-06 -4.08291817e-06  9.99997139e-01]
 [ 9.99997064e-01 -5.24520874e-06 -2.20537186e-06]
 [-3.10689211e-06 -6.34789467e-06  9.99999553e-01]
 [-3.05101275e-06  9.99994308e-01 -1.57952309e-06]
 [-2.75298953e-06  9.99995232e-01 -1.63912773e-06]
 [-2.96905637e-06  9.99996006e-01 -1.90734863e-06]
 [-2.89455056e-06  9.99993891e-01 -1.75833702e-06]
 [ 9.99997105e-01 -5.63263893e-06 -1.46031380e-06]
 [-3.14041972e-06 -6.07967377e-06  9.99998271e-01]
 [-2.61142850e-06  9.99995023e-01 -2.17556953e-06]
 [ 9.99997515e-01 -4.61935997e-06 -3.60608101e-06]
 [-3.11061740e-06  9.99993473e-01  0.00000000e+00]
 [-2.85357237e-06  9.99994934e-01 -2.89082527e-06]
 [-2.75298953e-06 -4.17232513e-06  9.99997675e-01]
 [ 9.99997146e-01 -5.57303429e-06 -2.20537186e-06]
 [-2.97650695e-06 -5.93066216e-06  9.99998778e-01]
 [ 9.99997124e-01 -5.51342964e-06 -8.64267349e-07]
 [-3.03983688e-06  9.99994069e-01 -8.04662704e-07]
 [-2.99513340e-06  9.99993563e-01 -8.34465027e-07]
 [-3.25962901e-06 -7.86781311e-06  1.00000095e+00]
 [-2.99885869e-06  9.99994010e-01 -1.22189522e-06]
 [-3.03238630e-06 -6.37769699e-06  9.99999106e-01]
 [ 9.99997400e-01 -8.88109207e-06  1.72853470e-06]
 [-3.02493572e-06  9.99993891e-01 -1.75833702e-06]
 [ 9.99997597e-01 -7.27176666e-06  8.64267349e-07]
 [ 9.99997292e-01 -5.84125519e-06 -1.84774399e-06]
 [-2.78279185e-06 -7.27176666e-06  9.99998659e-01]
 [-2.65240669e-06 -5.48362732e-06  9.99999255e-01]
 [ 9.99997526e-01 -6.10947609e-06 -2.08616257e-07]
 [-2.60770321e-06 -5.36441803e-06  9.99997914e-01]
 [ 9.99997292e-01 -5.42402267e-06 -1.63912773e-06]
 [-3.09199095e-06 -5.78165054e-06  9.99999106e-01]
 [-3.29315662e-06 -7.18235970e-06  9.99998957e-01]
 [-2.71201134e-06  9.99994189e-01 -1.31130219e-06]
 [-2.58535147e-06  9.99995083e-01 -1.69873238e-06]
 [ 9.99997936e-01 -7.06315041e-06  3.27825546e-07]
 [-2.69338489e-06  9.99991268e-01  3.87430191e-07]
 [-2.59280205e-06 -6.58631325e-06  9.99998957e-01]
 [-2.75671482e-06 -5.66244125e-06  9.99998987e-01]
 [-3.15159559e-06  9.99992847e-01  3.87430191e-07]
 [ 9.99997139e-01 -6.46710396e-06 -9.53674316e-07]
 [-2.57790089e-06  9.99994189e-01 -9.53674316e-07]
 [-2.46614218e-06  9.99994159e-01 -2.14576721e-06]
 [-2.57417560e-06  9.99994636e-01 -1.25169754e-06]
 [ 9.99997620e-01 -6.73532486e-06  2.98023224e-08]
 [ 9.99997534e-01 -5.18560410e-06 -1.72853470e-06]
 [-2.64123082e-06 -7.86781311e-06  1.00000098e+00]
 [-2.85729766e-06 -3.84449959e-06  9.99997526e-01]
 [ 9.99997418e-01 -7.36117363e-06  5.06639481e-07]
 [ 9.99997593e-01 -5.96046448e-06 -2.38418579e-06]
 [-2.53319740e-06  9.99993354e-01 -5.96046448e-08]
 [-3.21865082e-06  9.99992669e-01 -8.94069672e-07]
 [-2.84239650e-06 -7.12275505e-06  9.99998599e-01]
 [ 9.99997187e-01 -7.21216202e-06 -8.94069672e-08]
 [-3.10689211e-06 -6.49690628e-06  9.99999434e-01]
 [-2.45869160e-06  9.99993294e-01 -1.78813934e-06]
 [-2.55927444e-06 -6.22868538e-06  9.99999613e-01]
 [-2.56672502e-06  9.99991059e-01  9.23871994e-07]
 [-2.48476863e-06  9.99994844e-01 -2.56299973e-06]
 [-2.92435288e-06  9.99993175e-01 -6.55651093e-07]
 [-2.92062759e-06 -9.08970833e-06  1.00000164e+00]
 [ 9.99997128e-01 -7.03334808e-06 -2.38418579e-07]
 [-2.83122063e-06 -6.76512718e-06  9.99999642e-01]
 [ 9.99997590e-01 -6.22868538e-06 -1.49011612e-07]
 [ 9.99997243e-01 -5.06639481e-06 -1.75833702e-06]
 [-3.09571624e-06  9.99994278e-01 -8.34465027e-07]
 [-2.80141830e-06 -8.64267349e-06  1.00000119e+00]
 [ 9.99997109e-01 -8.79168510e-06  1.69873238e-06]
 [ 9.99997802e-01 -7.03334808e-06 -8.94069672e-07]
 [-2.84612179e-06 -5.63263893e-06  9.99998540e-01]
 [ 9.99997165e-01 -6.28829002e-06 -2.17556953e-06]
 [ 9.99997944e-01 -6.97374344e-06 -1.46031380e-06]
 [-2.63750553e-06 -5.06639481e-06  9.99998093e-01]
 [ 9.99996841e-01 -8.55326653e-06  1.49011612e-06]
 [-2.94297934e-06 -6.61611557e-06  9.99998391e-01]
 [-3.11434269e-06  9.99990612e-01  1.96695328e-06]
 [-2.73808837e-06  9.99992758e-01  1.25169754e-06]
 [ 9.99997769e-01 -4.97698784e-06 -2.08616257e-06]
 [ 9.99997552e-01 -7.39097595e-06 -6.85453415e-07]
 [-3.21865082e-06  9.99992847e-01 -1.49011612e-07]
 [-2.39908695e-06  9.99991655e-01  1.37090683e-06]
 [-2.78651714e-06 -6.43730164e-06  9.99998987e-01]
 [-2.89455056e-06 -5.33461571e-06  9.99998719e-01]
 [-2.41771340e-06  9.99993116e-01 -4.47034836e-07]
 [ 9.99996983e-01 -8.52346420e-06  9.53674316e-07]
 [-2.81259418e-06  9.99993950e-01 -6.25848770e-07]
 [-2.78651714e-06  9.99992758e-01  1.19209290e-07]
 [ 9.99996591e-01 -6.40749931e-06 -2.20537186e-06]
 [-2.61142850e-06 -6.46710396e-06  9.99997973e-01]
 [-2.51084566e-06  9.99994665e-01 -1.16229057e-06]
 [-2.90200114e-06 -7.51018524e-06  9.99999672e-01]
 [-2.63378024e-06  9.99993742e-01 -2.83122063e-06]
 [ 9.99997284e-01 -4.52995300e-06 -3.18884850e-06]
 [-2.26125121e-06 -6.31809235e-06  9.99998242e-01]
 [ 9.99997288e-01 -6.85453415e-06  1.78813934e-07]
 [-3.03983688e-06  9.99993414e-01 -1.49011612e-06]
 [ 9.99997478e-01 -6.88433647e-06 -9.23871994e-07]
 [-2.77534127e-06  9.99995500e-01 -2.14576721e-06]
 [-2.98768282e-06  9.99994367e-01 -1.31130219e-06]
 [ 9.99996837e-01 -7.30156898e-06  2.38418579e-07]
 [ 9.99997362e-01 -7.95722008e-06  1.49011612e-07]
 [ 9.99996949e-01 -7.83801079e-06  3.57627869e-07]
 [-2.51829624e-06  9.99994844e-01 -2.32458115e-06]
 [ 9.99997359e-01 -6.34789467e-06 -2.02655792e-06]
 [-2.74553895e-06  9.99992162e-01 -2.08616257e-07]
 [ 9.99997713e-01 -5.39422035e-06 -1.19209290e-06]
 [-3.17394733e-06  9.99993533e-01  1.49011612e-07]
 [-3.12179327e-06  9.99991655e-01  1.19209290e-07]
 [-2.50339508e-06 -6.76512718e-06  9.99998063e-01]
 [-3.14041972e-06 -7.42077827e-06  1.00000018e+00]
 [ 9.99997444e-01 -6.76512718e-06  5.06639481e-07]
 [-3.35648656e-06 -6.37769699e-06  9.99999076e-01]
 [ 9.99997355e-01 -7.59959221e-06 -5.06639481e-07]
 [-2.87964940e-06 -5.81145287e-06  9.99999374e-01]
 [ 9.99997649e-01 -4.23192978e-06 -2.32458115e-06]
 [-2.51084566e-06  9.99992400e-01  2.38418579e-07]
 [-3.09571624e-06 -7.12275505e-06  1.00000027e+00]
 [-2.65240669e-06 -7.42077827e-06  1.00000030e+00]
 [ 9.99997374e-01 -6.37769699e-06 -1.51991844e-06]
 [-2.65613198e-06 -6.10947609e-06  9.99999195e-01]
 [-2.61515379e-06  9.99994308e-01 -9.83476639e-07]]