[[ 9.99983031e-01 -7.42077827e-06  4.24683094e-06]
 [ 9.99982087e-01 -9.00030136e-06  8.80658627e-06]
 [-1.46385282e-05  1.00000058e+00 -3.75509262e-06]
 [ 9.99983514e-01 -3.47197056e-06  3.27825546e-07]
 [ 9.99984017e-01 -2.51829624e-06 -4.76837158e-07]
 [-1.55381858e-05 -1.69873238e-06  1.00000003e+00]
 [ 9.99983309e-01 -6.07967377e-06  3.57627869e-06]
 [ 9.99983156e-01 -6.67572021e-06  2.74181366e-06]
 [-1.48657709e-05 -1.29640102e-06  9.99997765e-01]
 [ 9.99983562e-01 -4.48524952e-06  1.89244747e-06]
 [ 9.99984389e-01 -3.27825546e-06 -2.05636024e-06]
 [-1.60578638e-05  9.99995053e-01  2.08616257e-07]
 [-1.56760216e-05  9.99997467e-01 -9.38773155e-07]
 [ 9.99982079e-01 -9.92417336e-06  6.39259815e-06]
 [ 9.99982622e-01 -7.89761543e-06  4.70876694e-06]
 [ 9.99982689e-01 -8.28504562e-06  6.39259815e-06]
 [ 9.99982929e-01 -7.33137131e-06  5.03659248e-06]
 [-1.67954713e-05  9.99991015e-01  6.58631325e-06]
 [ 9.99983916e-01 -2.86102295e-06 -1.49011612e-06]
 [ 9.99983879e-01 -5.06639481e-06  2.25007534e-06]
 [-1.73635781e-05  9.99991536e-01  6.54160976e-06]
 [-1.53500587e-05 -2.32458115e-06  9.99998957e-01]
 [ 9.99982793e-01 -7.95722008e-06  5.03659248e-06]
 [-1.56126916e-05  9.99995947e-01  2.81631947e-06]
 [-1.66241080e-05  9.99994159e-01  2.56299973e-06]
 [-1.68532133e-05 -5.84125519e-06  1.00000496e+00]
 [-1.60858035e-05  9.99995232e-01 -4.76837158e-07]
 [ 9.99983920e-01 -3.68058681e-06  7.89761543e-07]
 [-1.68383121e-05 -9.40263271e-06  1.00000645e+00]
 [-1.58455223e-05 -4.66406345e-06  1.00000204e+00]
 [ 9.99983592e-01 -4.00841236e-06  1.46031380e-06]
 [ 9.99983136e-01 -7.21216202e-06  3.57627869e-06]
 [ 9.99983601e-01 -8.82148743e-06  6.19888306e-06]
 [ 9.99982949e-01 -8.43405724e-06  6.15417957e-06]
 [-1.72182918e-05  9.99989480e-01  6.95884228e-06]
 [-1.64825469e-05  9.99993101e-01  4.84287739e-06]
 [ 9.99981681e-01 -1.17570162e-05  1.06245279e-05]
 [-1.54338777e-05  9.99995112e-01  5.81145287e-07]
 [-1.66855752e-05  9.99992624e-01  7.34627247e-06]
 [-1.56033784e-05 -5.05149364e-06  1.00000373e+00]
 [-1.65831298e-05  9.99990746e-01  5.81145287e-06]
 [-1.71791762e-05 -1.19358301e-05  1.00001000e+00]
 [ 9.99983612e-01 -5.63263893e-06  1.96695328e-06]
 [ 9.99983026e-01 -7.34627247e-06  6.03497028e-06]
 [ 9.99984134e-01 -8.07642937e-06  3.01003456e-06]
 [-1.55251473e-05 -7.76350498e-06  1.00000191e+00]
 [-1.67395920e-05 -9.87946987e-06  1.00000887e+00]
 [-1.63037330e-05  9.99995515e-01  1.59442425e-06]
 [-1.52755529e-05 -4.64916229e-06  1.00000139e+00]
 [-1.58753246e-05 -4.39584255e-06  1.00000241e+00]
 [-1.69146806e-05 -1.39921904e-05  1.00000928e+00]
 [-1.53742731e-05  9.99994978e-01  2.42888927e-06]
 [-1.64303929e-05  9.99991938e-01  6.19888306e-06]
 [-1.67191029e-05 -6.85453415e-06  1.00000437e+00]
 [-1.65570527e-05  9.99992132e-01  6.85453415e-06]
 [-1.63875520e-05 -8.67247581e-06  1.00000609e+00]
 [-1.61137432e-05  9.99990910e-01  5.85615635e-06]
 [-1.60075724e-05 -7.34627247e-06  1.00000502e+00]
 [-1.68420374e-05 -1.12503767e-05  1.00000797e+00]
 [-1.64452940e-05  9.99993190e-01  4.88758087e-06]
 [-1.61118805e-05  9.99992654e-01  5.14090061e-06]
 [-1.57225877e-05  9.99993205e-01  2.33948231e-06]
 [-1.64024532e-05 -8.65757465e-06  1.00000577e+00]
 [-1.61994249e-05  9.99993727e-01  3.78489494e-06]
 [ 9.99984046e-01 -4.51505184e-06  1.63912773e-07]
 [ 9.99983339e-01 -8.56816769e-06  6.67572021e-06]
 [-1.61342323e-05  9.99993935e-01  5.73694706e-06]
 [-1.56834722e-05 -5.97536564e-06  1.00000422e+00]
 [-1.62050128e-05 -6.83963299e-06  1.00000498e+00]
 [-1.53146684e-05  9.99994531e-01  2.72691250e-06]
 [ 9.99984119e-01 -5.67734241e-06  3.85940075e-06]
 [ 9.99983583e-01 -5.40912151e-06  2.98023224e-06]
 [-1.56108290e-05  9.99995410e-01  5.36441803e-07]
 [-1.64415687e-05 -7.00354576e-06  1.00000601e+00]
 [-1.57281756e-05 -6.60121441e-06  1.00000131e+00]
 [-1.50594860e-05 -4.24683094e-06  9.99999508e-01]
 [ 9.99983408e-01 -8.77678394e-06  2.44379044e-06]
 [-1.67340040e-05 -9.68575478e-06  1.00000726e+00]
 [-1.47204846e-05  9.99997944e-01 -1.99675560e-06]
 [-1.76001340e-05 -1.19805336e-05  1.00000794e+00]
 [-1.67042017e-05 -1.13546848e-05  1.00000864e+00]
 [-1.60597265e-05 -8.58306885e-06  1.00000587e+00]
 [ 9.99984149e-01 -6.07967377e-06  1.44541264e-06]
 [ 9.99983516e-01 -8.10623169e-06  3.75509262e-06]
 [ 9.99982629e-01 -1.07884407e-05  6.49690628e-06]
 [-1.68606639e-05  9.99993235e-01  5.54323196e-06]
 [-1.49831176e-05  9.99997273e-01 -2.30967999e-06]
 [-1.56778842e-05 -7.85291195e-06  1.00000444e+00]
 [-1.69835985e-05  9.99989793e-01  7.01844692e-06]
 [ 9.99982953e-01 -7.98702240e-06  4.97698784e-06]
 [-1.60895288e-05 -8.03172588e-06  1.00000362e+00]
 [ 9.99983054e-01 -1.03563070e-05  6.83963299e-06]
 [-1.67004764e-05  9.99993026e-01  4.20212746e-06]
 [-1.71102583e-05  9.99988109e-01  8.61287117e-06]
 [-1.57617033e-05  9.99991119e-01  3.35276127e-06]
 [-1.66036189e-05  9.99994159e-01  4.44054604e-06]
 [-1.60634518e-05  9.99995098e-01  2.62260437e-06]
 [-1.68774277e-05  9.99992847e-01  2.86102295e-06]
 [ 9.99983035e-01 -8.56816769e-06  5.39422035e-06]
 [ 9.99982933e-01 -1.06096268e-05  7.09295273e-06]
 [-1.64005905e-05 -8.03172588e-06  1.00000580e+00]
 [-1.53742731e-05 -5.79655170e-06  1.00000209e+00]
 [-1.58548355e-05 -8.68737698e-06  1.00000629e+00]
 [ 9.99983337e-01 -7.55488873e-06  4.73856926e-06]
 [-1.57915056e-05  9.99995306e-01  3.03983688e-06]
 [-1.74548477e-05  9.99990270e-01  6.98864460e-06]
 [ 9.99983434e-01 -6.21378422e-06  4.87267971e-06]
 [-1.66855752e-05 -9.28342342e-06  1.00000902e+00]
 [-1.62199140e-05 -7.16745853e-06  1.00000530e+00]
 [-1.67563558e-05  9.99992281e-01  5.06639481e-06]
 [ 9.99983357e-01 -9.38773155e-06  7.15255737e-06]
 [-1.52830034e-05 -3.50177288e-06  1.00000171e+00]
 [-1.67191029e-05  9.99988556e-01  7.53998756e-06]
 [-1.74473971e-05 -1.16974115e-05  1.00001188e+00]
 [-1.54506415e-05 -5.00679016e-06  1.00000124e+00]
 [-1.64099038e-05 -4.15742397e-06  1.00000337e+00]
 [-1.61919743e-05 -7.33137131e-06  1.00000452e+00]
 [ 9.99983592e-01 -6.76512718e-06  2.50339508e-06]
 [ 9.99982268e-01 -1.26063824e-05  1.02370977e-05]
 [ 9.99982027e-01 -1.30385160e-05  1.11907721e-05]
 [-1.55307353e-05 -5.67734241e-06  1.00000411e+00]
 [-1.75349414e-05  9.99988392e-01  9.08970833e-06]
 [ 9.99982839e-01 -9.95397568e-06  8.03172588e-06]
 [-1.56611204e-05  9.99994949e-01  8.49366188e-07]
 [ 9.99984143e-01 -6.09457493e-06  1.57952309e-06]
 [-1.60746276e-05 -8.31484795e-06  1.00000583e+00]
 [-1.61267817e-05  9.99991685e-01  4.45544720e-06]
 [-1.74883753e-05 -1.38878822e-05  1.00001152e+00]
 [ 9.99982052e-01 -1.15036964e-05  1.23977661e-05]
 [-1.59852207e-05  9.99995381e-01  1.31130219e-06]
 [ 9.99983355e-01 -8.03172588e-06  3.38256359e-06]
 [ 9.99982897e-01 -8.77678394e-06  7.59959221e-06]
 [-1.65402889e-05  9.99991357e-01  7.77840614e-06]
 [-1.61081553e-05  9.99992743e-01  2.84612179e-06]]