[[-6.53415918e-06  1.73747540e-05  9.99989763e-01]
 [-7.99819827e-06  9.99993570e-01  1.34930015e-05]
 [ 9.99992616e-01  2.35438347e-06  1.49756670e-06]
 [-7.29784369e-06  6.91413879e-06  9.99999747e-01]
 [-6.88433647e-06  1.00001113e+00 -7.00354576e-06]
 [ 9.99993045e-01  1.07437372e-05 -6.84708357e-06]
 [-7.36489892e-06  1.00000507e+00 -1.08778477e-06]
 [-8.56816769e-06 -7.32392073e-06  1.00001435e+00]
 [-7.93114305e-06  1.00000050e+00  7.32392073e-06]
 [-7.84918666e-06  9.99994606e-01  9.38028097e-06]
 [ 9.99991730e-01 -7.39097595e-06  1.50576234e-05]
 [ 9.99991432e-01 -1.01476908e-05  1.69053674e-05]
 [ 9.99992408e-01  4.35113907e-06  9.83476639e-07]
 [ 9.99993179e-01  1.13546848e-05 -4.61190939e-06]
 [-7.72625208e-06  9.99994569e-01  1.27479434e-05]
 [-7.93486834e-06 -3.43471766e-06  1.00000905e+00]
 [-7.81938434e-06  9.99996729e-01  9.25362110e-06]
 [ 9.99991957e-01 -5.28991222e-06  9.98377800e-06]
 [-8.54581594e-06  9.99988802e-01  1.48713589e-05]
 [-7.43940473e-06  5.46127558e-06  1.00000060e+00]
 [ 9.99993410e-01  9.76026058e-06 -6.62356615e-06]
 [-8.35955143e-06 -1.14142895e-05  1.00001730e+00]
 [-6.76512718e-06  1.36047602e-05  9.99990374e-01]
 [ 9.99993134e-01  1.37835741e-05 -5.81890345e-06]
 [-8.28877091e-06 -7.08550215e-06  1.00001337e+00]
 [-7.13765621e-06  1.24797225e-05  9.99994874e-01]
 [ 9.99991111e-01 -1.03116035e-05  1.79708004e-05]
 [-7.01472163e-06  1.00000425e+00 -4.39584255e-07]
 [ 9.99992695e-01  1.13099813e-05 -4.00841236e-06]
 [ 9.99993648e-01  1.90734863e-05 -1.40368938e-05]
 [-6.20260835e-06  1.97216868e-05  9.99986425e-01]
 [-8.43405724e-06  9.99990158e-01  1.80974603e-05]
 [-7.48410821e-06  3.66568565e-06  1.00000171e+00]
 [-6.83218241e-06  1.00001150e+00 -5.88595867e-06]
 [-8.37072730e-06 -5.50597906e-06  1.00001155e+00]
 [-8.71717930e-06 -1.07064843e-05  1.00001781e+00]
 [-6.67572021e-06  2.09882855e-05  9.99983951e-01]
 [ 9.99992248e-01 -3.06963921e-06  1.01476908e-05]
 [ 9.99991108e-01 -1.50054693e-05  2.33575702e-05]
 [-6.23241067e-06  1.00001527e+00 -1.02594495e-05]
 [-8.38935375e-06  9.99993056e-01  1.44392252e-05]
 [-5.81890345e-06  1.00002336e+00 -1.97738409e-05]
 [ 9.99992136e-01 -5.66244125e-07  4.47034836e-06]
 [ 9.99992747e-01  3.57627869e-06  1.23679638e-06]
 [ 9.99992177e-01  2.02655792e-06  3.23355198e-06]
 [-8.43778253e-06  9.99994025e-01  1.15782022e-05]
 [-7.10040331e-06  8.15838575e-06  9.99996968e-01]
 [-8.11368227e-06  9.99996059e-01  1.17346644e-05]
 [ 9.99992076e-01 -7.58469105e-06  1.27553940e-05]
 [-7.66292214e-06  3.09199095e-06  1.00000155e+00]
 [ 9.99993764e-01  2.72542238e-05 -1.93864107e-05]
 [-7.95722008e-06  9.99998450e-01  1.13993883e-05]
 [-7.83428550e-06  2.24262476e-06  1.00000490e+00]
 [-8.54209065e-06 -3.22610140e-06  1.00001296e+00]
 [-7.87153840e-06 -1.75088644e-06  1.00000861e+00]
 [-7.79330730e-06  1.00000193e+00  3.76254320e-06]
 [-7.95349479e-06  9.99998383e-01  6.44475222e-06]
 [-9.17166471e-06  9.99983259e-01  2.56225467e-05]
 [-6.56768680e-06  1.00001189e+00 -4.72366810e-06]
 [-8.32974911e-06  9.99993727e-01  1.32769346e-05]
 [-6.69807196e-06  1.74492598e-05  9.99987923e-01]
 [ 9.99991007e-01 -1.40517950e-05  2.11298466e-05]
 [-7.72252679e-06  6.40749931e-07  1.00000501e+00]
 [-7.75232911e-06  9.99997616e-01  8.61287117e-06]
 [-7.74860382e-06  9.99996871e-01  8.29994678e-06]
 [-7.93114305e-06  9.99996096e-01  7.36862421e-06]
 [ 9.99993846e-01  1.67936087e-05 -1.10343099e-05]
 [ 9.99992989e-01  1.37835741e-05 -8.53836536e-06]
 [-6.61984086e-06  1.00001809e+00 -1.35004520e-05]
 [ 9.99993373e-01  1.36792660e-05 -9.13441181e-06]
 [ 9.99991965e-01 -5.28991222e-06  1.08182430e-05]
 [-7.23823905e-06  1.00000960e+00 -1.75833702e-06]
 [-7.40960240e-06  3.24845314e-06  1.00000219e+00]
 [-8.35210085e-06 -6.55651093e-06  1.00001364e+00]
 [ 9.99992333e-01  4.17232513e-06  2.84612179e-06]
 [-8.44895840e-06 -3.87430191e-06  1.00001184e+00]
 [-5.62891364e-06  1.00002871e+00 -2.36034393e-05]
 [ 9.99991167e-01 -1.23977661e-05  2.13086605e-05]
 [-8.51228833e-06  9.99989428e-01  1.66743994e-05]
 [-7.07432628e-06  1.00000840e+00 -1.70618296e-06]
 [-5.86360693e-06  1.00002439e+00 -2.11820006e-05]
 [-8.44895840e-06 -6.10947609e-06  1.00001271e+00]
 [-6.90668821e-06  9.61124897e-06  9.99997146e-01]
 [ 9.99992333e-01  1.43051147e-06  6.86943531e-06]
 [-7.10412860e-06  1.00001200e+00 -5.96791506e-06]
 [ 9.99992721e-01  1.02818012e-05 -4.04566526e-06]
 [-7.67782331e-06  1.81794167e-06  1.00000479e+00]
 [-9.02265310e-06 -1.42604113e-05  1.00001908e+00]
 [ 9.99993391e-01  1.44690275e-05 -9.90927219e-06]
 [ 9.99992717e-01  5.61773777e-06 -2.07871199e-06]
 [-7.65919685e-06  9.99999002e-01  4.76092100e-06]
 [-7.58469105e-06  1.00000516e+00 -1.56462193e-06]
 [-6.88061118e-06  8.94814730e-06  9.99994986e-01]
 [-7.83056021e-06 -2.77161598e-06  1.00000912e+00]
 [-7.53626227e-06  1.74343586e-06  1.00000593e+00]
 [-8.70227814e-06  9.99983728e-01  2.15768814e-05]
 [ 9.99993738e-01  1.71959400e-05 -1.25467777e-05]
 [-8.20308924e-06  9.99992274e-01  1.37686729e-05]
 [ 9.99992341e-01 -2.23517418e-07  5.49107790e-06]
 [-6.82473183e-06  1.00001292e+00 -9.73790884e-06]
 [ 9.99991801e-01 -5.00679016e-06  1.25691295e-05]
 [-8.02800059e-06  9.99997810e-01  9.85711813e-06]
 [-8.85128975e-06 -1.04904175e-05  1.00001670e+00]
 [-8.12113285e-06  8.41915607e-07  1.00000445e+00]
 [-6.29946589e-06  2.21505761e-05  9.99980889e-01]
 [-8.19191337e-06 -2.52574682e-06  1.00000768e+00]
 [ 9.99993417e-01  1.80453062e-05 -1.57430768e-05]
 [-6.93276525e-06  1.00001702e+00 -1.04010105e-05]
 [ 9.99992505e-01  5.24520874e-06  2.12341547e-06]
 [-7.41705298e-06  6.07967377e-06  9.99999143e-01]
 [-8.44150782e-06 -4.99188900e-06  1.00001351e+00]
 [ 9.99991868e-01 -1.99675560e-06  7.66664743e-06]
 [-7.65919685e-06  9.99997884e-01  7.34627247e-06]
 [ 9.99992687e-01  7.09295273e-06 -1.02072954e-06]
 [-8.02800059e-06 -5.60283661e-06  1.00000951e+00]
 [ 9.99992315e-01  4.91738319e-07  8.20308924e-06]
 [ 9.99991782e-01 -7.83801079e-06  1.31502748e-05]
 [-8.15093517e-06  9.99995962e-01  6.41494989e-06]
 [-7.48038292e-06  1.13099813e-05  9.99995455e-01]
 [ 9.99993216e-01  9.62615013e-06 -4.31388617e-06]
 [-8.00564885e-06  9.99998294e-01  9.90927219e-06]
 [-7.56978989e-06  4.71621752e-06  9.99999311e-01]
 [-7.28294253e-06  1.00000675e+00  1.28149986e-06]
 [-7.45803118e-06  5.41657209e-06  1.00000057e+00]
 [ 9.99991737e-01 -6.02006912e-06  1.24424696e-05]
 [-7.35744834e-06  1.00000696e+00 -8.64267349e-07]
 [ 9.99990992e-01 -1.26510859e-05  2.11596489e-05]
 [ 9.99991234e-01 -1.13695860e-05  1.92672014e-05]
 [-7.42450356e-06  7.33882189e-06  9.99998964e-01]
 [ 9.99992304e-01 -5.21540642e-07  8.03172588e-06]
 [-8.04290175e-06  4.84287739e-07  1.00000596e+00]
 [-8.27014446e-06  1.00000033e+00  7.24941492e-06]
 [ 9.99991979e-01 -4.61935997e-06  1.12280250e-05]
 [-9.05618072e-06 -1.73971057e-05  1.00002450e+00]]