[[ 4.68641520e-06 -3.01003456e-06  9.99995708e-01]
 [ 1.00000485e+00 -6.58631325e-06 -8.58306885e-06]
 [ 1.00000454e+00 -3.57627869e-06 -7.03334808e-06]
 [ 4.65661287e-06  9.99991655e-01 -5.00679016e-06]
 [ 5.22285700e-06 -6.88433647e-06  9.99991357e-01]
 [ 1.00000490e+00 -6.97374344e-06 -9.23871994e-06]
 [ 5.08874655e-06  9.99998689e-01 -6.79492950e-06]
 [ 5.15580177e-06  9.99996454e-01 -1.05500221e-05]
 [ 4.62681055e-06 -7.92741776e-06  9.99996066e-01]
 [ 4.23192978e-06  9.99994606e-01 -5.00679016e-06]
 [ 4.82052565e-06 -7.45058060e-06  9.99995172e-01]
 [ 4.81307507e-06  9.99995708e-01 -3.87430191e-06]
 [ 4.89503145e-06 -4.50015068e-06  9.99995232e-01]
 [ 1.00000516e+00 -3.75509262e-06 -4.64916229e-06]
 [ 1.00000409e+00 -7.56978989e-06 -5.18560410e-06]
 [ 5.14090061e-06  9.99995172e-01 -3.99351120e-06]
 [ 4.12017107e-06 -4.50015068e-06  9.99997079e-01]
 [ 5.31971455e-06 -8.31484795e-06  9.99993503e-01]
 [ 4.03821468e-06  9.99991894e-01 -1.25169754e-06]
 [ 4.42564487e-06  9.99992073e-01 -4.82797623e-06]
 [ 4.34368849e-06 -5.36441803e-06  9.99995232e-01]
 [ 1.00000470e+00 -7.51018524e-06 -4.52995300e-06]
 [ 4.58210707e-06 -4.79817390e-06  9.99996543e-01]
 [ 4.26918268e-06  9.99994844e-01 -2.86102295e-06]
 [ 4.90993261e-06  9.99998689e-01 -3.99351120e-06]
 [ 1.00000470e+00 -4.97698784e-06 -3.57627869e-06]
 [ 4.70876694e-06  9.99991924e-01 -5.06639481e-06]
 [ 4.72366810e-06  9.99994785e-01 -3.99351120e-06]
 [ 1.00000495e+00 -3.87430191e-06 -7.51018524e-06]
 [ 1.00000489e+00 -5.84125519e-06 -7.15255737e-06]
 [ 1.00000439e+00 -9.38773155e-06 -4.29153442e-06]
 [ 1.00000471e+00 -8.16583633e-06 -7.03334808e-06]
 [ 4.44799662e-06 -3.51667404e-06  9.99992967e-01]
 [ 4.59700823e-06  9.99994844e-01 -9.00030136e-06]
 [ 4.44054604e-06 -8.91089439e-06  1.00000072e+00]
 [ 4.81307507e-06 -5.06639481e-06  9.99997079e-01]
 [ 3.93390656e-06  9.99994427e-01 -4.58955765e-06]
 [ 4.41819429e-06 -4.08291817e-06  9.99996006e-01]
 [ 1.00000481e+00 -6.13927841e-06 -3.69548798e-06]
 [ 1.00000430e+00 -6.94394112e-06 -6.73532486e-06]
 [ 5.00679016e-06 -5.66244125e-06  9.99993622e-01]
 [ 5.01424074e-06  9.99996275e-01 -7.92741776e-06]
 [ 1.00000437e+00 -5.06639481e-06 -5.84125519e-06]
 [ 1.00000482e+00 -7.98702240e-06 -4.76837158e-06]
 [ 5.34206629e-06 -2.35438347e-06  9.99992490e-01]
 [ 4.79817390e-06  9.99996185e-01 -4.76837158e-06]
 [ 1.00000435e+00 -3.63588333e-06 -5.18560410e-06]
 [ 4.44799662e-06 -4.94718552e-06  9.99994159e-01]
 [ 5.22285700e-06  9.99996543e-01 -7.45058060e-06]
 [ 4.52995300e-06 -2.50339508e-06  9.99996305e-01]
 [ 4.53740358e-06  9.99993712e-01 -2.26497650e-06]
 [ 4.86522913e-06  9.99996334e-01 -5.66244125e-06]
 [ 1.00000433e+00 -6.49690628e-06 -6.67572021e-06]
 [ 4.64916229e-06  9.99994725e-01 -3.69548798e-06]
 [ 1.00000525e+00 -6.49690628e-06 -3.63588333e-06]
 [ 4.29153442e-06 -1.15036964e-05  9.99998868e-01]
 [ 4.76837158e-06 -4.50015068e-06  9.99990821e-01]
 [ 4.09036875e-06  9.99993652e-01 -5.96046448e-07]
 [ 4.77582216e-06  9.99995828e-01 -2.08616257e-06]
 [ 4.90248203e-06  9.99996603e-01 -6.85453415e-06]
 [ 4.76092100e-06 -5.48362732e-06  9.99996245e-01]
 [ 4.86522913e-06  9.99998927e-01 -3.81469727e-06]
 [ 1.00000354e+00 -6.85453415e-06 -3.99351120e-06]
 [ 5.24520874e-06 -3.21865082e-06  9.99995589e-01]
 [ 1.00000444e+00 -6.49690628e-06 -4.64916229e-06]
 [ 1.00000511e+00 -4.41074371e-06 -4.35113907e-06]
 [ 4.99933958e-06  9.99996811e-01 -9.05990601e-06]
 [ 5.21540642e-06 -3.42726707e-06  9.99990106e-01]
 [ 4.37349081e-06  9.99994159e-01 -5.42402267e-06]
 [ 1.00000556e+00  7.74860382e-07 -1.29938126e-05]
 [ 5.23775816e-06 -3.24845314e-06  9.99990821e-01]
 [ 4.80562449e-06  9.99996722e-01 -5.36441803e-06]
 [ 5.46127558e-06 -3.15904617e-06  9.99991655e-01]
 [ 4.56720591e-06  9.99993533e-01 -4.05311584e-06]
 [ 4.31388617e-06 -2.41398811e-06  9.99995530e-01]
 [ 4.66406345e-06  9.99997586e-01 -8.40425491e-06]
 [ 4.96208668e-06  9.99992520e-01 -7.15255737e-06]
 [ 4.87267971e-06  9.99996871e-01 -1.07884407e-05]
 [ 4.73856926e-06  9.99992371e-01 -4.35113907e-06]
 [ 1.00000476e+00 -6.55651093e-06 -2.14576721e-06]
 [ 4.57465649e-06  9.99992222e-01 -1.78813934e-07]
 [ 4.92483377e-06 -8.46385956e-06  9.99995410e-01]
 [ 4.82052565e-06 -2.53319740e-06  9.99988735e-01]
 [ 5.26010990e-06 -1.75833702e-06  9.99992609e-01]
 [ 4.78327274e-06 -3.24845314e-06  9.99991894e-01]
 [ 4.73111868e-06 -3.96370888e-06  9.99996722e-01]
 [ 1.00000482e+00 -5.54323196e-06 -4.17232513e-06]
 [ 1.00000567e+00 -3.51667404e-06 -1.07884407e-05]
 [ 5.34206629e-06 -7.45058060e-07  9.99991596e-01]
 [ 4.70876694e-06  9.99996722e-01 -4.94718552e-06]
 [ 4.69386578e-06 -4.97698784e-06  9.99996483e-01]
 [ 1.00000486e+00 -6.31809235e-06 -6.91413879e-06]
 [ 5.08874655e-06  9.99991536e-01 -2.14576721e-06]
 [ 4.87267971e-06 -7.77840614e-06  9.99995530e-01]
 [ 1.00000465e+00 -6.49690628e-06 -6.43730164e-06]
 [ 5.04404306e-06  9.99994546e-01 -6.97374344e-06]
 [ 4.85777855e-06  9.99993086e-01 -1.06096268e-05]
 [ 1.00000430e+00 -3.09944153e-06 -6.79492950e-06]
 [ 4.17977571e-06 -2.08616257e-06  9.99994814e-01]
 [ 1.00000473e+00 -4.05311584e-06 -6.55651093e-06]
 [ 4.33623791e-06  9.99990255e-01 -2.80141830e-06]
 [ 4.46289778e-06 -2.80141830e-06  9.99996662e-01]
 [ 1.00000486e+00 -2.20537186e-06 -4.88758087e-06]
 [ 1.00000553e+00 -3.15904617e-06 -7.92741776e-06]
 [ 1.00000443e+00 -5.12599945e-06 -7.45058060e-06]
 [ 4.82797623e-06 -3.03983688e-06  9.99995112e-01]
 [ 1.00000518e+00 -4.44054604e-06 -7.15255737e-06]
 [ 1.00000472e+00 -3.01003456e-06 -8.04662704e-06]
 [ 4.75347042e-06  1.51991844e-06  9.99991715e-01]
 [ 4.98443842e-06 -5.24520874e-06  9.99994278e-01]
 [ 1.00000518e+00  1.07288361e-06 -9.53674316e-06]
 [ 4.32878733e-06 -5.81145287e-06  9.99996126e-01]
 [ 4.61935997e-06 -6.34789467e-06  9.99994457e-01]
 [ 1.00000443e+00 -9.68575478e-06  1.72853470e-06]
 [ 4.90248203e-06 -1.00135803e-05  9.99998271e-01]
 [ 1.00000471e+00 -3.78489494e-06 -8.70227814e-06]
 [ 4.67896461e-06  9.99994278e-01 -6.43730164e-06]
 [ 1.00000434e+00 -6.13927841e-06 -5.60283661e-06]
 [ 1.00000465e+00 -5.75184822e-06 -8.22544098e-06]
 [ 1.00000495e+00 -5.60283661e-06 -7.15255737e-06]
 [ 5.21540642e-06 -7.15255737e-06  9.99996960e-01]
 [ 4.47779894e-06  9.99993116e-01 -5.66244125e-06]
 [ 1.00000439e+00 -7.15255737e-06 -4.88758087e-06]
 [ 1.00000406e+00 -4.29153442e-06 -7.45058060e-06]
 [ 4.85777855e-06  9.99996513e-01 -3.51667404e-06]
 [ 1.00000482e+00 -4.35113907e-06 -6.85453415e-06]
 [ 4.61935997e-06 -5.54323196e-06  9.99992549e-01]
 [ 5.23775816e-06  9.99994934e-01 -6.19888306e-06]
 [ 1.00000395e+00 -8.46385956e-06 -4.94718552e-06]
 [ 5.26756048e-06 -6.37769699e-06  9.99992788e-01]
 [ 1.00000437e+00 -5.72204590e-06 -7.03334808e-06]
 [ 5.06639481e-06 -4.76837158e-06  9.99992132e-01]
 [ 4.82797623e-06  9.99996364e-01 -4.35113907e-06]
 [ 1.00000491e+00 -1.19209290e-06 -6.97374344e-06]]