[[ 4.59048897e-06  1.19577162e-05  9.99986584e-01]
 [ 1.00000381e+00 -1.36392191e-06  1.56788155e-06]
 [ 3.17487866e-06  9.99997830e-01  2.85543501e-06]
 [ 3.80445272e-06  1.00000109e+00 -1.21071935e-07]
 [ 2.59652734e-06 -8.96723941e-06  1.00001018e+00]
 [ 3.92552465e-06  1.00000415e+00 -3.58838588e-06]
 [ 1.00000321e+00 -3.50456685e-06  6.10249117e-06]
 [ 2.91783363e-06 -4.07313928e-06  1.00000526e+00]
 [ 1.00000509e+00  1.10859983e-05 -1.18180178e-05]
 [ 1.00000494e+00  8.11368227e-06 -7.68946484e-06]
 [ 3.20188701e-06  9.99997746e-01  2.46148556e-06]
 [ 3.92645597e-06  7.00168312e-06  9.99993999e-01]
 [ 5.15021384e-06  1.00001436e+00 -1.55270100e-05]
 [ 3.46917659e-06  1.18371099e-06  9.99999547e-01]
 [ 1.00000340e+00 -4.56301495e-06  7.20750540e-06]
 [ 3.24752182e-06  9.99996841e-01  3.89618799e-06]
 [ 1.00000411e+00  4.27430496e-06 -4.52157110e-06]
 [ 1.53295696e-06 -1.75321475e-05  1.00001912e+00]
 [ 1.00000278e+00 -9.41473991e-06  1.15833245e-05]
 [ 3.41702253e-06  9.99997610e-01  2.22865492e-06]
 [ 1.00000473e+00  8.98540020e-06 -8.41636211e-06]
 [ 1.00000360e+00 -1.19954348e-06  3.08267772e-06]
 [ 3.25962901e-06 -2.67894939e-06  1.00000393e+00]
 [ 1.95391476e-06  9.99985738e-01  1.71316788e-05]
 [ 2.69617885e-06  9.99990872e-01  1.03246421e-05]
 [ 3.54833901e-06  1.01607293e-06  9.99999395e-01]
 [ 2.69617885e-06  9.99991839e-01  1.12750567e-05]
 [ 9.30391252e-07 -2.09710561e-05  1.00002492e+00]
 [ 2.20909715e-06 -8.92905518e-06  1.00001097e+00]
 [ 1.00000413e+00  2.57231295e-06 -2.15508044e-06]
 [ 4.88478690e-06  1.31153502e-05  9.99985491e-01]
 [ 1.00000313e+00 -4.83449548e-06  6.78701326e-06]
 [ 4.04193997e-06  1.00000297e+00 -2.73389742e-06]
 [ 1.09802932e-06  9.99979972e-01  2.26348639e-05]
 [ 4.16580588e-06  1.00000623e+00 -6.60074875e-06]
 [ 4.36231494e-06  9.28295776e-06  9.99990673e-01]
 [ 2.72784382e-06 -4.92809340e-06  1.00000647e+00]
 [ 2.41957605e-06 -7.37793744e-06  1.00000872e+00]
 [ 2.46427953e-06  9.99989548e-01  1.33048743e-05]
 [ 1.00000340e+00 -5.46732917e-06  7.73323700e-06]
 [ 1.00000286e+00 -1.19567849e-05  1.56494789e-05]
 [ 3.18232924e-06 -1.48126855e-06  1.00000272e+00]
 [ 1.00000449e+00  1.09509565e-05 -1.05635263e-05]
 [ 3.60514969e-06  9.99996383e-01  4.10666689e-06]
 [ 2.87685543e-06  9.99995117e-01  5.85429370e-06]
 [ 2.95601785e-06  9.99996956e-01  5.92647120e-06]
 [ 2.26218253e-06  9.99986541e-01  1.47479586e-05]
 [ 3.56324017e-06  1.00000085e+00 -7.30156898e-07]
 [ 4.62308526e-06  1.00000793e+00 -7.05616549e-06]
 [ 2.22492963e-06 -1.19283795e-05  1.00001334e+00]
 [ 3.94042581e-06  1.00000320e+00 -2.68174335e-06]
 [ 2.52574682e-06  9.99993221e-01  8.72137025e-06]
 [ 1.00000419e+00  3.41748819e-06 -1.98045745e-06]
 [ 3.40584666e-06 -2.55880877e-06  1.00000314e+00]
 [ 1.00000402e+00  1.79186463e-06 -2.55648047e-07]
 [ 3.82866710e-06  1.00000306e+00 -2.78372318e-06]
 [ 4.29432839e-06  6.26221299e-06  9.99993795e-01]
 [ 3.92179936e-06  7.49574974e-06  9.99993507e-01]
 [ 1.00000315e+00 -4.27057967e-06  6.04707748e-06]
 [ 1.00000333e+00 -4.79584560e-06  7.80308619e-06]
 [ 1.00000244e+00 -1.69444829e-05  1.83922239e-05]
 [ 1.00000402e+00  4.04892489e-06 -3.57767567e-06]
 [ 1.00000427e+00  2.00932845e-06 -2.77115032e-06]
 [ 1.00000308e+00 -8.05454329e-06  9.03103501e-06]
 [ 1.00000427e+00  5.77233732e-06 -5.19445166e-06]
 [ 1.00000302e+00 -4.65847552e-06  6.54300675e-06]
 [ 4.25148755e-06  6.46710396e-06  9.99992656e-01]
 [ 3.37231904e-06 -1.55810267e-06  1.00000150e+00]
 [ 4.10433859e-06  8.13836232e-06  9.99991725e-01]
 [ 3.82680446e-06  1.00000082e+00 -5.78351319e-07]
 [ 2.43168324e-06 -1.29505061e-05  1.00001528e+00]
 [ 3.51946801e-06  1.00000230e+00 -2.68314034e-06]
 [ 4.24217433e-06  6.27292320e-06  9.99993131e-01]
 [ 1.84122473e-06  9.99984035e-01  1.79838389e-05]
 [ 4.56161797e-06  1.00000839e+00 -8.41403380e-06]
 [ 1.00000206e+00 -1.64867379e-05  1.93403102e-05]
 [ 2.89082527e-06 -2.55741179e-06  1.00000411e+00]
 [ 1.00000397e+00  4.14904207e-06 -3.77604738e-06]
 [ 2.86009163e-06  9.99995133e-01  5.60935587e-06]
 [ 4.19467688e-06  1.00000691e+00 -6.05918467e-06]
 [ 1.00000566e+00  1.86427496e-05 -2.02045776e-05]
 [ 1.00000398e+00 -2.19559297e-06  1.82958320e-06]
 [ 4.06615436e-06  7.14883208e-06  9.99993721e-01]
 [ 1.00000376e+00 -1.34063885e-06  3.02447006e-06]
 [ 2.55554914e-06 -9.13068652e-06  1.00000992e+00]
 [ 1.00000363e+00 -7.36908987e-06  8.82102177e-06]
 [ 1.00000452e+00  6.74836338e-06 -7.53114000e-06]
 [ 3.69735062e-06  1.00000148e+00 -3.05473804e-07]
 [ 3.90224159e-06  4.11318615e-06  9.99996396e-01]
 [ 3.45986336e-06  9.99997468e-01  3.41422856e-06]
 [ 1.00000317e+00 -7.23870471e-06  9.83662903e-06]
 [ 2.68593431e-06 -6.55651093e-06  1.00000716e+00]
 [ 4.62960452e-06  1.00000505e+00 -4.61470336e-06]
 [ 3.13390046e-06  9.99995063e-01  5.58979809e-06]
 [ 4.42098826e-06  1.00001012e+00 -1.07572414e-05]
 [ 2.51643360e-06  9.99989497e-01  1.29076652e-05]
 [ 1.65868551e-06 -1.87894329e-05  1.00002299e+00]
 [ 1.00000240e+00 -1.32024288e-05  1.43293291e-05]
 [ 3.76906246e-06  3.28710303e-06  9.99997435e-01]
 [ 4.70504165e-06  1.00001016e+00 -1.10580586e-05]
 [ 1.00000247e+00 -1.50478445e-05  1.65202655e-05]
 [ 3.75043601e-06  1.00000022e+00  1.06915832e-06]
 [ 1.00000307e+00 -7.62799755e-06  9.12975520e-06]
 [ 2.87219882e-06 -6.41914085e-06  1.00000794e+00]
 [ 3.60049307e-06 -1.28149986e-06  1.00000149e+00]
 [ 5.25824726e-06  1.59619376e-05  9.99981709e-01]
 [ 4.69945371e-06  1.00000739e+00 -8.21612775e-06]
 [ 1.00000276e+00 -1.15833245e-05  1.23898499e-05]
 [ 2.94949859e-06  9.99993696e-01  8.02846625e-06]
 [ 2.90945172e-06  9.99992861e-01  7.56792724e-06]
 [ 5.35417348e-06  1.00001479e+00 -1.69533305e-05]
 [ 1.00000367e+00 -3.12272459e-06  3.83378938e-06]
 [ 3.72715294e-06  1.18091702e-06  1.00000106e+00]
 [ 3.42261046e-06  9.99995590e-01  5.70621341e-06]
 [ 1.00000409e+00  3.86545435e-06 -2.80141830e-06]
 [ 3.04356217e-06 -2.83820555e-06  1.00000477e+00]
 [ 1.00000296e+00 -7.50320032e-06  9.79891047e-06]
 [ 1.96043402e-06 -1.10147521e-05  1.00001500e+00]
 [ 2.39722431e-06 -9.35234129e-06  1.00001236e+00]
 [ 1.00000384e+00  9.39704478e-07  1.98138878e-06]
 [ 2.27428973e-06 -6.34090975e-06  1.00000731e+00]
 [ 3.75416130e-06 -1.99070200e-06  1.00000269e+00]
 [ 1.00000608e+00  1.97524205e-05 -2.09040008e-05]
 [ 2.76137143e-06 -5.74812293e-06  1.00000620e+00]
 [ 4.31761146e-06  1.00000717e+00 -8.22404400e-06]
 [ 3.99257988e-06  2.39582732e-06  9.99997784e-01]
 [ 1.00000347e+00 -2.09361315e-06  3.41888517e-06]
 [ 3.21492553e-06  9.99997599e-01  3.34857032e-06]
 [ 3.70200723e-06  2.82283872e-06  9.99996378e-01]
 [ 3.67779285e-06  1.00000272e+00 -2.91876495e-06]
 [ 3.14600766e-06 -1.73924491e-06  1.00000223e+00]
 [ 3.29408795e-06 -1.04680657e-06  1.00000103e+00]
 [ 2.47173011e-06 -9.87108797e-06  1.00001219e+00]
 [ 2.93646008e-06 -3.65311280e-06  1.00000531e+00]]