[[-1.59069896e-06 -2.14576721e-06  9.99995679e-01]
 [-1.95205212e-06  9.99996662e-01 -5.06639481e-06]
 [-1.81049109e-06 -2.71201134e-06  9.99995351e-01]
 [-1.51991844e-06 -2.86102295e-06  9.99994248e-01]
 [-1.94832683e-06  9.99998927e-01 -3.66568565e-06]
 [ 9.99997720e-01 -1.37090683e-06 -4.47034836e-06]
 [ 9.99997787e-01 -2.53319740e-06 -5.45382500e-06]
 [-1.87382102e-06 -9.83476639e-07  9.99994695e-01]
 [ 9.99997873e-01 -1.13248825e-06 -4.85777855e-06]
 [ 9.99997497e-01 -2.80141830e-06 -4.73856926e-06]
 [-1.80676579e-06  9.99998420e-01 -3.66568565e-06]
 [ 9.99997750e-01 -2.08616257e-07 -5.51342964e-06]
 [-1.67265534e-06 -9.83476639e-07  9.99995917e-01]
 [-1.91852450e-06 -2.53319740e-06  9.99994904e-01]
 [-2.14949250e-06  9.99998629e-01 -4.52995300e-06]
 [-1.82911754e-06 -1.72853470e-06  9.99995679e-01]
 [ 9.99997549e-01 -8.04662704e-07 -4.08291817e-06]
 [ 9.99997772e-01 -2.17556953e-06 -3.03983688e-06]
 [-1.96322799e-06  9.99998480e-01 -5.72204590e-06]
 [-2.00048089e-06  9.99996871e-01 -6.10947609e-06]
 [-1.72108412e-06 -5.06639481e-07  9.99996275e-01]
 [-1.95950270e-06  9.99998629e-01 -5.18560410e-06]
 [-1.74343586e-06 -1.72853470e-06  9.99996454e-01]
 [ 9.99997862e-01 -5.36441803e-07 -5.78165054e-06]
 [ 9.99997906e-01 -2.26497650e-06 -4.29153442e-06]
 [-1.66520476e-06 -2.65240669e-06  9.99994785e-01]
 [-1.70618296e-06 -4.47034836e-07  9.99996752e-01]
 [ 9.99997944e-01 -1.01327896e-06 -4.08291817e-06]
 [-2.00793147e-06 -3.45706940e-06  9.99994993e-01]
 [ 9.99997716e-01  8.34465027e-07 -4.52995300e-06]
 [ 9.99997769e-01 -3.24845314e-06 -2.44379044e-06]
 [-1.64657831e-06  9.99999166e-01 -4.05311584e-06]
 [-1.86264515e-06  1.84774399e-06  9.99992281e-01]
 [ 9.99997817e-01 -3.27825546e-07 -2.80141830e-06]
 [-2.04518437e-06  9.99999106e-01 -6.34789467e-06]
 [-1.80676579e-06  5.36441803e-07  9.99994159e-01]
 [ 9.99997694e-01  1.37090683e-06 -7.53998756e-06]
 [ 9.99997724e-01 -1.22189522e-06 -3.54647636e-06]
 [-2.06008554e-06  9.99998838e-01 -5.90085983e-06]
 [-1.88499689e-06  9.99998510e-01 -5.21540642e-06]
 [-1.65775418e-06  5.96046448e-08  9.99993205e-01]
 [ 9.99997459e-01 -2.71201134e-06 -1.19209290e-06]
 [-1.59069896e-06 -2.20537186e-06  9.99995917e-01]
 [ 9.99997944e-01 -2.86102295e-06 -3.39746475e-06]
 [ 9.99998126e-01 -7.45058060e-07 -5.36441803e-06]
 [-1.51991844e-06  9.99999166e-01 -6.85453415e-06]
 [ 9.99998331e-01 -4.76837158e-07 -6.02006912e-06]
 [ 9.99997914e-01 -1.01327896e-06 -4.85777855e-06]
 [-1.66520476e-06  1.00000212e+00 -7.18235970e-06]
 [-1.89617276e-06  9.99999791e-01 -6.10947609e-06]
 [ 9.99997586e-01  1.75833702e-06 -5.63263893e-06]
 [-2.11969018e-06 -1.66893005e-06  9.99996752e-01]
 [-1.76578760e-06 -6.25848770e-07  9.99993324e-01]
 [-1.81049109e-06  9.99999940e-01 -5.30481339e-06]
 [ 9.99997810e-01 -2.26497650e-06 -3.45706940e-06]
 [ 9.99997873e-01 -3.39746475e-06 -2.89082527e-06]
 [-1.98185444e-06 -3.51667404e-06  9.99997169e-01]
 [ 9.99997716e-01  1.93715096e-06 -7.71880150e-06]
 [-1.79558992e-06  1.00000000e+00 -6.94394112e-06]
 [-2.04518437e-06 -1.34110451e-06  9.99995828e-01]
 [-2.01538205e-06  9.99998897e-01 -5.27501106e-06]
 [-1.81049109e-06  2.08616257e-07  9.99995649e-01]
 [-1.35228038e-06  1.00000024e+00 -4.32133675e-06]
 [ 9.99997716e-01  0.00000000e+00 -5.36441803e-06]
 [-1.65775418e-06 -1.51991844e-06  9.99994516e-01]
 [-1.46031380e-06  9.99998987e-01 -5.69224358e-06]
 [ 9.99997795e-01 -1.99675560e-06 -3.57627869e-06]
 [-1.50874257e-06  9.99999136e-01 -4.58955765e-06]
 [ 9.99997947e-01 -1.87754631e-06 -3.81469727e-06]
 [ 9.99997541e-01 -1.28149986e-06 -4.32133675e-06]
 [-1.57952309e-06 -1.46031380e-06  9.99992609e-01]
 [-1.37463212e-06 -1.75833702e-06  9.99995589e-01]
 [ 9.99997955e-01  2.08616257e-07 -6.67572021e-06]
 [-1.94460154e-06  9.99998927e-01 -4.76837158e-06]
 [ 9.99997914e-01 -9.53674316e-07 -6.85453415e-06]
 [-2.13086605e-06  1.00000131e+00 -7.09295273e-06]
 [-1.38953328e-06  9.99998719e-01 -3.48687172e-06]
 [-1.82911754e-06  9.99998927e-01 -5.90085983e-06]
 [ 9.99997668e-01  9.53674316e-07 -6.04987144e-06]
 [-1.49756670e-06 -1.60932541e-06  9.99996185e-01]
 [-1.70990825e-06  9.99999076e-01 -5.81145287e-06]
 [ 9.99997713e-01 -1.04308128e-06 -5.51342964e-06]
 [-1.79558992e-06  2.98023224e-08  9.99993891e-01]
 [-1.96695328e-06  9.99998450e-01 -4.29153442e-06]
 [-1.71735883e-06  9.99999523e-01 -5.36441803e-06]
 [ 9.99998044e-01  5.36441803e-07 -4.97698784e-06]
 [-1.83656812e-06 -2.02655792e-06  9.99997854e-01]
 [ 9.99997765e-01 -2.68220901e-07 -4.26173210e-06]
 [-1.62050128e-06  1.00000048e+00 -5.21540642e-06]
 [-2.03400850e-06 -3.30805779e-06  9.99997020e-01]
 [-1.52736902e-06  9.99999911e-01 -5.72204590e-06]
 [-1.94087625e-06 -1.51991844e-06  9.99994606e-01]
 [-1.50874257e-06  1.00000072e+00 -6.88433647e-06]
 [-1.88127160e-06  9.99996036e-01 -4.35113907e-06]
 [ 9.99997891e-01  2.08616257e-07 -3.51667404e-06]
 [ 9.99997988e-01 -2.38418579e-06 -4.76837158e-06]
 [-1.55344605e-06  9.99997884e-01 -3.87430191e-06]
 [ 9.99997601e-01 -3.12924385e-06 -1.96695328e-06]
 [-1.91852450e-06 -2.68220901e-07  9.99995977e-01]
 [ 9.99997754e-01 -1.72853470e-06 -4.97698784e-06]
 [-2.17929482e-06  9.99996066e-01 -4.47034836e-06]
 [ 9.99998003e-01 -1.04308128e-06 -7.30156898e-06]
 [-2.03028321e-06  1.57952309e-06  9.99994844e-01]
 [-2.25007534e-06  9.99997556e-01 -2.89082527e-06]
 [-1.61677599e-06 -1.54972076e-06  9.99995321e-01]
 [-1.94460154e-06 -8.04662704e-07  9.99992609e-01]
 [-1.33737922e-06  9.99996334e-01 -3.81469727e-06]
 [-1.70618296e-06 -2.86102295e-06  9.99995351e-01]
 [-1.84401870e-06 -8.94069672e-08  9.99992043e-01]
 [-1.32620335e-06  9.99999613e-01 -6.49690628e-06]
 [ 9.99998108e-01  8.94069672e-08 -7.74860382e-06]
 [-1.84401870e-06 -3.87430191e-07  9.99993742e-01]
 [ 9.99997638e-01 -2.68220901e-06 -6.61611557e-06]
 [-1.76951289e-06 -6.55651093e-07  9.99993235e-01]
 [-2.31340528e-06 -1.10268593e-06  9.99995917e-01]
 [ 9.99998108e-01 -1.19209290e-06 -4.61935997e-06]
 [-1.38953328e-06  9.99997377e-01 -2.29477882e-06]
 [-1.76206231e-06  1.00000212e+00 -5.45382500e-06]
 [-1.78813934e-06  9.99999344e-01 -5.36441803e-06]
 [-1.86264515e-06  1.00000015e+00 -4.26173210e-06]
 [ 9.99997683e-01 -2.53319740e-06 -4.26173210e-06]
 [-1.99675560e-06 -5.33461571e-06  9.99996185e-01]
 [-2.11223960e-06  9.99995381e-01 -3.51667404e-06]
 [-1.78813934e-06 -3.01003456e-06  9.99993652e-01]
 [ 9.99997966e-01 -1.78813934e-06 -7.36117363e-06]
 [-2.01910734e-06  9.99997646e-01 -4.05311584e-06]
 [ 9.99997474e-01 -2.05636024e-06 -4.41074371e-06]
 [-1.31502748e-06 -1.10268593e-06  9.99991804e-01]
 [-1.73598528e-06 -2.23517418e-06  9.99994248e-01]
 [-1.67638063e-06  3.27825546e-07  9.99993742e-01]
 [-1.16974115e-06  2.17556953e-06  9.99992907e-01]
 [-1.93715096e-06  9.99999106e-01 -2.23517418e-06]
 [-1.87009573e-06 -1.63912773e-06  9.99995738e-01]
 [-1.94832683e-06  9.99997556e-01 -4.08291817e-06]]