[[-6.31809235e-06  1.00000077e+00 -6.40749931e-06]
 [-5.90085983e-06 -1.38580799e-06  9.99995708e-01]
 [-6.02006912e-06  1.75833702e-06  9.99992609e-01]
 [-6.37769699e-06  9.99997512e-01 -3.24845314e-06]
 [-6.19888306e-06  1.00000104e+00 -7.59959221e-06]
 [-6.19888306e-06  9.99999583e-01 -5.48362732e-06]
 [-6.07967377e-06  1.51991844e-06  9.99993503e-01]
 [ 9.99993980e-01  3.87430191e-06 -9.44733620e-06]
 [ 9.99994338e-01  4.17232513e-06 -9.35792923e-06]
 [-5.90085983e-06  4.47034836e-07  9.99994040e-01]
 [-6.13927841e-06  9.99999508e-01 -4.88758087e-06]
 [-6.02006912e-06  1.25169754e-06  9.99993742e-01]
 [-6.37769699e-06 -5.81145287e-07  9.99995112e-01]
 [ 9.99994159e-01  3.78489494e-06 -8.97049904e-06]
 [-6.13927841e-06  1.00000237e+00 -8.88109207e-06]
 [-6.31809235e-06  1.00000133e+00 -5.03659248e-06]
 [ 9.99993742e-01  2.66730785e-06 -7.30156898e-06]
 [-6.02006912e-06  1.37090683e-06  9.99992937e-01]
 [-5.90085983e-06  9.99999657e-01 -4.94718552e-06]
 [-5.96046448e-06  2.05636024e-06  9.99993443e-01]
 [-6.02006912e-06  3.41236591e-06  9.99992132e-01]
 [-5.72204590e-06  1.00000243e+00 -8.19563866e-06]
 [ 9.99993742e-01 -1.01327896e-06 -4.94718552e-06]
 [ 9.99994218e-01  3.66568565e-06 -8.73208046e-06]
 [-6.25848770e-06 -2.59280205e-06  9.99996841e-01]
 [ 9.99994040e-01  2.63750553e-06 -8.46385956e-06]
 [-5.66244125e-06  3.42726707e-07  9.99994457e-01]
 [-6.13927841e-06  1.00000158e+00 -7.39097595e-06]
 [-6.25848770e-06 -7.15255737e-07  9.99995649e-01]
 [-6.07967377e-06  9.99999061e-01 -5.30481339e-06]
 [ 9.99993443e-01 -8.79168510e-07 -3.33786011e-06]
 [-6.19888306e-06  1.00000112e+00 -7.39097595e-06]
 [-6.49690628e-06 -2.32458115e-06  9.99997050e-01]
 [-6.07967377e-06  1.00000036e+00 -7.00354576e-06]
 [-5.24520874e-06  1.00000034e+00 -5.81145287e-06]
 [ 9.99994397e-01  2.23517418e-07 -7.21216202e-06]
 [ 9.99993920e-01  2.42888927e-06 -8.52346420e-06]
 [-5.96046448e-06  1.00000131e+00 -7.18235970e-06]
 [ 9.99994516e-01  1.78813934e-06 -7.86781311e-06]
 [-5.78165054e-06  1.01327896e-06  9.99993145e-01]
 [-5.60283661e-06  1.00000118e+00 -6.37769699e-06]
 [-6.02006912e-06  3.09944153e-06  9.99989837e-01]
 [-5.66244125e-06  1.00000195e+00 -9.29832458e-06]
 [-6.13927841e-06  9.99997392e-01 -3.90410423e-06]
 [ 9.99994457e-01  1.11758709e-06 -7.68899918e-06]
 [-6.25848770e-06  1.00000235e+00 -6.88433647e-06]
 [-6.02006912e-06 -1.43051147e-06  9.99995500e-01]
 [-5.60283661e-06 -2.98023224e-08  9.99993950e-01]
 [ 9.99994218e-01  2.23517418e-07 -6.37769699e-06]
 [-5.54323196e-06  4.47034836e-08  9.99993175e-01]
 [-5.84125519e-06  1.00000267e+00 -7.12275505e-06]
 [-5.84125519e-06  9.38773155e-07  9.99992758e-01]
 [-5.78165054e-06 -3.57627869e-07  9.99994099e-01]
 [-6.13927841e-06  1.00000073e+00 -7.77840614e-06]
 [ 9.99994278e-01  1.07288361e-06 -6.82473183e-06]
 [ 9.99994457e-01  2.33948231e-06 -9.89437103e-06]
 [-6.13927841e-06  1.63912773e-07  9.99993831e-01]
 [-5.78165054e-06  2.81631947e-06  9.99991953e-01]
 [ 9.99993980e-01  4.06801701e-06 -9.14931297e-06]
 [-5.78165054e-06  1.78813934e-06  9.99991417e-01]
 [-5.48362732e-06 -1.99675560e-06  9.99997407e-01]
 [ 9.99994159e-01  3.24845314e-06 -8.28504562e-06]
 [-5.42402267e-06  9.99998540e-01 -5.54323196e-06]
 [-6.25848770e-06  1.00000106e+00 -6.22868538e-06]
 [-5.90085983e-06  1.00000125e+00 -6.13927841e-06]
 [-5.78165054e-06  1.00000024e+00 -6.25848770e-06]
 [-6.25848770e-06  1.00000191e+00 -7.74860382e-06]
 [ 9.99993980e-01  3.26335430e-06 -7.12275505e-06]
 [ 9.99993980e-01  1.84774399e-06 -8.28504562e-06]
 [-6.19888306e-06  1.00000198e+00 -5.54323196e-06]
 [-5.60283661e-06  1.00000179e+00 -7.27176666e-06]
 [ 9.99993920e-01  3.02493572e-06 -7.71880150e-06]
 [-6.02006912e-06  7.00354576e-07  9.99994308e-01]
 [ 9.99994338e-01  8.94069672e-07 -6.43730164e-06]
 [ 9.99994099e-01  7.45058060e-08 -5.36441803e-06]
 [-5.84125519e-06  9.99999955e-01 -6.58631325e-06]
 [ 9.99994099e-01  1.90734863e-06 -7.18235970e-06]
 [-6.19888306e-06  1.05798244e-06  9.99993593e-01]
 [-5.72204590e-06  1.20699406e-06  9.99991000e-01]
 [-5.78165054e-06  3.71038914e-06  9.99990582e-01]
 [-5.90085983e-06  1.00000283e+00 -9.32812691e-06]
 [ 9.99994159e-01  1.26659870e-06 -7.42077827e-06]
 [ 9.99994040e-01 -1.81794167e-06 -5.12599945e-06]
 [ 9.99994218e-01  1.71363354e-06 -7.03334808e-06]
 [ 9.99993622e-01  4.73856926e-06 -1.01029873e-05]
 [-6.31809235e-06 -4.17232513e-07  9.99995530e-01]
 [ 9.99994636e-01  3.18884850e-06 -1.01327896e-05]
 [-5.96046448e-06  1.43051147e-06  9.99992296e-01]
 [-6.31809235e-06 -5.96046448e-08  9.99992669e-01]
 [ 9.99994278e-01  1.68383121e-06 -6.13927841e-06]
 [ 9.99994218e-01 -1.49011612e-08 -4.88758087e-06]
 [-5.54323196e-06  1.00000097e+00 -5.60283661e-06]
 [-5.42402267e-06  1.00000276e+00 -9.03010368e-06]
 [ 9.99994338e-01  1.99675560e-06 -6.79492950e-06]
 [-5.66244125e-06  1.00000136e+00 -7.03334808e-06]
 [-5.72204590e-06  1.02818012e-06  9.99992639e-01]
 [-6.02006912e-06  1.00000416e+00 -8.61287117e-06]
 [-5.30481339e-06  1.10268593e-06  9.99992818e-01]
 [ 9.99994278e-01  2.26497650e-06 -8.49366188e-06]
 [-6.13927841e-06  9.99999791e-01 -6.43730164e-06]
 [-5.84125519e-06 -2.29477882e-06  9.99995857e-01]
 [-5.60283661e-06  3.32295895e-06  9.99991268e-01]
 [-6.19888306e-06 -2.53319740e-07  9.99994576e-01]
 [ 9.99994218e-01  2.02655792e-06 -7.06315041e-06]
 [ 9.99994397e-01  3.99351120e-06 -9.62615013e-06]
 [ 9.99993980e-01  1.74343586e-06 -7.39097595e-06]
 [-6.07967377e-06  1.00000064e+00 -7.51018524e-06]
 [-6.19888306e-06  1.00000027e+00 -4.97698784e-06]
 [-6.19888306e-06  1.00000083e+00 -5.60283661e-06]
 [-6.19888306e-06  1.00000168e+00 -7.83801079e-06]
 [ 9.99994099e-01 -1.08778477e-06 -6.13927841e-06]
 [-6.07967377e-06  1.00000122e+00 -7.30156898e-06]
 [ 9.99994338e-01  2.80141830e-06 -8.58306885e-06]
 [-5.12599945e-06  1.00000265e+00 -9.53674316e-06]
 [ 9.99993742e-01 -2.98023224e-08 -6.22868538e-06]
 [-6.13927841e-06  1.00000183e+00 -7.74860382e-06]
 [ 9.99994040e-01  2.45869160e-06 -7.15255737e-06]
 [-5.78165054e-06  1.00000137e+00 -7.03334808e-06]
 [-5.66244125e-06  2.66730785e-06  9.99990284e-01]
 [ 9.99993801e-01  3.12924385e-06 -8.94069672e-06]
 [-6.13927841e-06  2.86102295e-06  9.99991298e-01]
 [-6.25848770e-06  1.00000034e+00 -5.54323196e-06]
 [-5.66244125e-06  4.06801701e-06  9.99989420e-01]
 [-5.78165054e-06  3.87430191e-07  9.99993235e-01]
 [ 9.99994576e-01  3.71038914e-06 -8.85128975e-06]
 [-5.42402267e-06  2.14576721e-06  9.99993652e-01]
 [-6.25848770e-06  1.19209290e-07  9.99994785e-01]
 [-6.02006912e-06  1.34110451e-07  9.99995381e-01]
 [-5.60283661e-06  1.00000288e+00 -8.52346420e-06]
 [-5.66244125e-06  1.00000118e+00 -6.61611557e-06]
 [-5.60283661e-06  1.00000343e+00 -7.74860382e-06]
 [-6.07967377e-06  1.00000291e+00 -7.39097595e-06]
 [ 9.99993980e-01 -1.05798244e-06 -4.88758087e-06]
 [ 9.99994278e-01  2.98023224e-08 -6.34789467e-06]]