[[ 1.01730693e-05  9.99989733e-01 -1.17719173e-06]
 [ 1.00000928e+00 -1.03712082e-05 -2.56299973e-06]
 [ 1.00000981e+00 -1.15633011e-05 -3.57627869e-07]
 [ 9.80845653e-06 -9.96887684e-06  1.00000077e+00]
 [ 9.67620872e-06 -1.10417604e-05  9.99999717e-01]
 [ 1.00277830e-05 -1.03265047e-05  9.99997929e-01]
 [ 9.62312333e-06  9.99990433e-01 -3.42726707e-06]
 [ 1.03446655e-05  9.99989375e-01 -5.06639481e-07]
 [ 9.73185524e-06  9.99988675e-01 -2.32458115e-06]
 [ 1.01281330e-05 -1.08927488e-05  9.99998271e-01]
 [ 1.00000921e+00 -1.06841326e-05 -1.38580799e-06]
 [ 9.69925895e-06  9.99988168e-01 -9.68575478e-07]
 [ 1.05234794e-05  9.99990195e-01 -1.66893005e-06]
 [ 1.01281330e-05 -1.13248825e-05  9.99998033e-01]
 [ 1.00000938e+00 -9.74535942e-06 -8.64267349e-07]
 [ 1.00000952e+00 -1.12652779e-05 -1.04308128e-06]
 [ 1.00000943e+00 -9.65595245e-06 -1.25169754e-06]
 [ 1.01393089e-05  9.99990448e-01 -9.38773155e-07]
 [ 1.00000975e+00 -1.10268593e-05 -1.65402889e-06]
 [ 9.69297253e-06  9.99989375e-01 -1.07288361e-06]
 [ 1.02990307e-05 -1.01178885e-05  9.99997154e-01]
 [ 1.00000975e+00 -1.00433826e-05 -1.19209290e-06]
 [ 1.00000925e+00 -1.06990337e-05 -2.20537186e-06]
 [ 9.60752368e-06  9.99989241e-01 -6.85453415e-07]
 [ 1.00000927e+00 -1.09523535e-05 -2.36928463e-06]
 [ 1.00000936e+00 -1.10119581e-05 -1.23679638e-06]
 [ 9.52091068e-06 -1.02519989e-05  9.99998719e-01]
 [ 9.64361243e-06  9.99988392e-01  1.19209290e-07]
 [ 1.00000999e+00 -1.02519989e-05 -2.36928463e-06]
 [ 9.61637124e-06  9.99987975e-01 -1.35600567e-06]
 [ 1.00000956e+00 -9.11951065e-06 -2.25007534e-06]
 [ 1.01213809e-05  9.99989837e-01 -2.65240669e-06]
 [ 1.00000976e+00 -9.61124897e-06 -5.51342964e-07]
 [ 1.05495565e-05 -1.22487545e-05  9.99999210e-01]
 [ 1.00000969e+00 -1.34259462e-05  2.30967999e-06]
 [ 1.03453640e-05  9.99987885e-01 -1.46031380e-06]
 [ 9.38517042e-06 -1.20252371e-05  9.99999478e-01]
 [ 1.00000935e+00 -1.21891499e-05  1.34110451e-06]
 [ 9.84128565e-06  9.99988750e-01 -6.25848770e-07]
 [ 1.00655016e-05 -1.20103359e-05  1.00000033e+00]
 [ 9.98214819e-06 -9.43243504e-06  9.99997288e-01]
 [ 9.68226232e-06 -1.31577253e-05  1.00000082e+00]
 [ 1.00000952e+00 -1.13546848e-05  4.17232513e-07]
 [ 1.00000944e+00 -1.12354755e-05 -8.19563866e-07]
 [ 9.72719863e-06 -1.10715628e-05  9.99998167e-01]
 [ 9.86712985e-06  9.99990180e-01 -1.07288361e-06]
 [ 1.00000943e+00 -1.06245279e-05 -1.49011612e-07]
 [ 1.00000923e+00 -1.26361847e-05  1.28149986e-06]
 [ 1.03632919e-05  9.99990001e-01 -2.66730785e-06]
 [ 9.61218029e-06 -1.16676092e-05  1.00000212e+00]
 [ 1.00000978e+00 -9.34302807e-06 -2.02655792e-06]
 [ 9.92720015e-06 -1.10864639e-05  9.99999166e-01]
 [ 9.84501094e-06  9.99989808e-01 -2.74181366e-06]
 [ 9.52603295e-06  9.99987662e-01 -1.78813934e-07]
 [ 9.79728065e-06 -1.03265047e-05  9.99996811e-01]
 [ 9.55723226e-06  9.99989092e-01 -1.86264515e-06]
 [ 9.82265919e-06 -1.17570162e-05  9.99998659e-01]
 [ 9.38330777e-06  9.99988794e-01  6.40749931e-07]
 [ 9.79076140e-06 -1.11311674e-05  9.99999374e-01]
 [ 1.00000953e+00 -1.14291906e-05 -3.87430191e-07]
 [ 9.00821760e-06  9.99986082e-01  1.10268593e-06]
 [ 1.00000973e+00 -1.15782022e-05  1.49011612e-08]
 [ 9.80054028e-06  9.99990627e-01 -2.83122063e-07]
 [ 9.81055200e-06  9.99989837e-01 -1.19209290e-07]
 [ 1.00000907e+00 -1.15782022e-05  3.12924385e-07]
 [ 9.50437970e-06  9.99988690e-01 -1.43051147e-06]
 [ 9.68575478e-06 -1.08629465e-05  9.99998420e-01]
 [ 8.94139521e-06  9.99986008e-01  2.23517418e-06]
 [ 1.00000932e+00 -1.28448009e-05 -3.57627869e-07]
 [ 1.04608480e-05 -1.21742487e-05  1.00000095e+00]
 [ 9.98727046e-06  9.99987632e-01  4.61935997e-07]
 [ 1.00000989e+00 -1.00731850e-05 -1.34110451e-06]
 [ 1.00000930e+00 -1.04159117e-05 -1.78813934e-06]
 [ 1.00000980e+00 -1.22636557e-05 -6.10947609e-07]
 [ 1.00000963e+00 -8.64267349e-06 -3.42726707e-06]
 [ 9.43522900e-06 -1.16676092e-05  9.99999136e-01]
 [ 1.00636389e-05  9.99989510e-01 -2.23517418e-06]
 [ 1.00000907e+00 -1.27553940e-05  1.14738941e-06]
 [ 9.82452184e-06 -1.15483999e-05  9.99998689e-01]
 [ 9.77143645e-06 -9.08970833e-06  9.99998182e-01]
 [ 1.00000957e+00 -1.15036964e-05 -3.27825546e-07]
 [ 1.02845952e-05 -9.76026058e-06  9.99995828e-01]
 [ 1.00000761e-05  9.99987125e-01  7.74860382e-07]
 [ 9.64594074e-06  9.99986872e-01  8.94069672e-08]
 [ 1.00615434e-05  9.99988541e-01  3.57627869e-07]
 [ 9.47900116e-06 -1.26063824e-05  1.00000182e+00]
 [ 1.00000920e+00 -1.04308128e-05  4.47034836e-07]
 [ 1.00000955e+00 -8.50856304e-06 -4.09781933e-06]
 [ 1.02310441e-05  9.99988928e-01 -3.27825546e-07]
 [ 1.00000874e+00 -1.15483999e-05 -2.38418579e-07]
 [ 1.00117177e-05 -1.09821558e-05  9.99998465e-01]
 [ 1.00000946e+00 -1.22040510e-05  1.04308128e-06]
 [ 9.47294757e-06 -1.05947256e-05  1.00000122e+00]
 [ 1.00000910e+00 -1.28746033e-05 -8.94069672e-08]
 [ 9.58959572e-06  9.99988258e-01 -3.72529030e-07]
 [ 9.50414687e-06 -1.15782022e-05  9.99999940e-01]
 [ 9.50437970e-06  9.99988347e-01 -3.27825546e-07]
 [ 1.00655016e-05 -1.06096268e-05  9.99997646e-01]
 [ 1.00000971e+00 -9.37283039e-06 -3.53157520e-06]
 [ 9.89227556e-06  9.99987334e-01  1.34110451e-07]
 [ 1.00000957e+00 -1.20550394e-05 -3.57627869e-07]
 [ 1.00000939e+00 -1.14142895e-05 -1.34110451e-07]
 [ 9.97493044e-06 -1.32769346e-05  9.99999762e-01]
 [ 9.74209979e-06  9.99988332e-01 -7.15255737e-07]
 [ 1.02783088e-05 -9.87946987e-06  9.99995679e-01]
 [ 9.26316716e-06  9.99988511e-01  1.83284283e-06]
 [ 1.00000972e+00 -1.21593475e-05  8.94069672e-07]
 [ 1.00184698e-05  9.99987617e-01 -7.45058060e-07]
 [ 1.00000955e+00 -1.10417604e-05 -1.25169754e-06]
 [ 9.86480154e-06 -1.11013651e-05  9.99999762e-01]
 [ 9.77399759e-06 -1.10119581e-05  9.99998793e-01]
 [ 9.32137482e-06  9.99988422e-01  5.81145287e-07]
 [ 1.04953069e-05  9.99987453e-01 -7.74860382e-07]
 [ 1.00000980e+00 -1.15483999e-05 -4.76837158e-07]
 [ 1.03858765e-05 -1.08927488e-05  9.99999613e-01]
 [ 1.00000883e+00 -1.13993883e-05 -1.93715096e-07]
 [ 1.02350023e-05 -1.17272139e-05  9.99997273e-01]
 [ 9.99798067e-06 -1.14142895e-05  1.00000162e+00]
 [ 9.77842137e-06  9.99989226e-01  7.45058060e-07]
 [ 1.01439655e-05  9.99988571e-01  8.94069672e-07]
 [ 1.00000984e+00 -9.14931297e-06 -2.08616257e-06]
 [ 9.87318344e-06 -1.22040510e-05  9.99999464e-01]
 [ 9.79262404e-06 -1.33663416e-05  1.00000085e+00]
 [ 9.74093564e-06 -1.25914812e-05  9.99998584e-01]
 [ 9.64291394e-06 -1.23828650e-05  1.00000045e+00]
 [ 1.00000997e+00 -1.05053186e-05 -1.68383121e-06]
 [ 9.81776975e-06  9.99986008e-01  1.95205212e-06]
 [ 1.00000960e+00 -1.08778477e-05 -2.62260437e-06]
 [ 9.98750329e-06 -1.40666962e-05  1.00000268e+00]
 [ 1.05798244e-05 -1.22189522e-05  9.99998584e-01]
 [ 1.01367477e-05  9.99988809e-01 -1.78813934e-06]
 [ 9.75118019e-06 -1.20997429e-05  1.00000000e+00]
 [ 9.41241160e-06 -1.30385160e-05  1.00000043e+00]
 [ 1.02089252e-05 -9.04500484e-06  9.99998704e-01]]