[[-2.15973705e-06  1.00001419e+00 -3.76999378e-06]
 [ 9.99997877e-01  1.44839287e-05 -3.11434269e-06]
 [ 9.99997736e-01  1.50799751e-05 -2.87592411e-06]
 [ 9.99997962e-01  1.47968531e-05 -2.05636024e-06]
 [ 9.99997611e-01  1.33812428e-05 -1.29640102e-06]
 [ 9.99997751e-01  1.44392252e-05 -2.05636024e-06]
 [-2.21142545e-06  1.00001429e+00 -1.44541264e-06]
 [ 9.99997996e-01  1.48862600e-05 -2.39908695e-06]
 [-2.13878229e-06  1.00001591e+00 -3.71038914e-06]
 [ 9.99998048e-01  1.48415565e-05 -2.71201134e-06]
 [-2.33063474e-06  1.49607658e-05  9.99997169e-01]
 [ 9.99998106e-01  1.53034925e-05 -4.41074371e-06]
 [ 9.99997983e-01  1.55866146e-05 -4.11272049e-06]
 [ 9.99997820e-01  1.51246786e-05 -3.03983688e-06]
 [ 9.99997801e-01  1.54823065e-05 -2.26497650e-06]
 [ 9.99997955e-01  1.56462193e-05 -3.06963921e-06]
 [-2.27289274e-06  1.36494637e-05  9.99998584e-01]
 [-2.17370689e-06  1.45584345e-05  9.99997780e-01]
 [ 9.99998062e-01  1.53928995e-05 -3.74019146e-06]
 [-2.31619924e-06  1.00001433e+00 -2.16066837e-06]
 [-1.98278576e-06  1.00001538e+00 -4.02331352e-06]
 [ 9.99997823e-01  1.54227018e-05 -2.86102295e-06]
 [-2.13645399e-06  1.00001478e+00 -4.57465649e-06]
 [ 9.99997672e-01  1.51097775e-05 -2.65240669e-06]
 [-2.08336860e-06  1.63316727e-05  9.99997139e-01]
 [ 9.99997846e-01  1.51544809e-05 -2.05636024e-06]
 [-2.16066837e-06  1.00001450e+00 -4.72366810e-06]
 [-1.95903704e-06  1.00001475e+00 -4.03821468e-06]
 [ 9.99997937e-01  1.46925449e-05 -3.68058681e-06]
 [-2.19698995e-06  1.44392252e-05  9.99996215e-01]
 [-2.18907371e-06  1.45286322e-05  9.99995992e-01]
 [-2.16532499e-06  1.00001554e+00 -3.05473804e-06]
 [ 9.99998206e-01  1.45286322e-05 -4.02331352e-06]
 [ 9.99998241e-01  1.61826611e-05 -2.39908695e-06]
 [-2.27615237e-06  1.00001404e+00 -3.11434269e-06]
 [-1.70059502e-06  1.00001621e+00 -5.11109829e-06]
 [-1.85240060e-06  1.44392252e-05  9.99995738e-01]
 [ 9.99998169e-01  1.57803297e-05 -2.75671482e-06]
 [-1.87195837e-06  1.56164169e-05  9.99994516e-01]
 [-1.59954652e-06  1.51246786e-05  9.99993950e-01]
 [-2.15135515e-06  1.00001393e+00 -3.59117985e-06]
 [-1.77649781e-06  1.00001363e+00 -3.30805779e-06]
 [-1.86637044e-06  1.00001386e+00 -2.72691250e-06]
 [-2.05496326e-06  1.51693821e-05  9.99995753e-01]
 [-1.83144584e-06  1.00001657e+00 -4.29153442e-06]
 [-2.03866512e-06  1.50352716e-05  9.99996290e-01]
 [-1.80723146e-06  1.00001517e+00 -4.44054604e-06]
 [-2.03819945e-06  1.00001459e+00 -3.44216824e-06]
 [-2.49780715e-06  1.00001462e+00 -2.07126141e-06]
 [ 9.99998216e-01  1.49905682e-05 -4.94718552e-06]
 [-2.13040039e-06  1.44243240e-05  9.99996632e-01]
 [-2.30222940e-06  1.00001405e+00 -2.78651714e-06]
 [-2.17882916e-06  1.00001763e+00 -6.33299351e-06]
 [ 9.99998048e-01  1.72257423e-05 -4.87267971e-06]
 [-1.51013955e-06  1.00001512e+00 -3.60608101e-06]
 [-2.16485932e-06  1.00001822e+00 -5.09619713e-06]
 [-1.98651105e-06  1.37686729e-05  9.99996632e-01]
 [ 9.99997793e-01  1.45733356e-05 -2.89082527e-06]
 [ 9.99998211e-01  1.65998936e-05 -4.58955765e-06]
 [-2.28080899e-06  1.53630972e-05  9.99995306e-01]
 [-1.77277252e-06  1.00001395e+00 -1.59442425e-06]
 [ 9.99997974e-01  1.49607658e-05 -2.44379044e-06]
 [-2.06939876e-06  1.00001574e+00 -4.84287739e-06]
 [-1.90176070e-06  1.00001776e+00 -5.64754009e-06]
 [ 9.99998087e-01  1.66893005e-05 -4.30643559e-06]
 [-2.09920108e-06  1.00001737e+00 -5.49852848e-06]
 [-2.18627974e-06  1.00001596e+00 -3.90410423e-06]
 [-1.98464841e-06  1.00001536e+00 -3.26335430e-06]
 [-2.22958624e-06  1.42604113e-05  9.99997512e-01]
 [-2.13226303e-06  1.47372484e-05  9.99997497e-01]
 [-1.98045745e-06  1.45286322e-05  9.99996737e-01]
 [-1.98371708e-06  1.00001560e+00 -3.62098217e-06]
 [-1.87661499e-06  1.47074461e-05  9.99996752e-01]
 [-2.19792128e-06  1.56611204e-05  9.99994695e-01]
 [ 9.99997940e-01  1.56015158e-05 -5.17070293e-06]
 [-1.88965350e-06  1.00001661e+00 -4.48524952e-06]
 [-2.13552266e-06  1.47223473e-05  9.99997035e-01]
 [-1.99861825e-06  1.00001568e+00 -5.33461571e-06]
 [-1.70711428e-06  1.00001572e+00 -4.51505184e-06]
 [-2.06474215e-06  1.52736902e-05  9.99996886e-01]
 [-2.12388113e-06  1.65849924e-05  9.99993026e-01]
 [-1.99303031e-06  1.63465738e-05  9.99994621e-01]
 [-1.85193494e-06  1.51842833e-05  9.99995470e-01]
 [-2.14437023e-06  1.00001398e+00 -4.03821468e-06]
 [ 9.99997946e-01  1.62273645e-05 -2.23517418e-06]
 [-2.02981755e-06  1.28448009e-05  9.99996930e-01]
 [-2.09035352e-06  1.00001606e+00 -4.91738319e-06]
 [-1.99163333e-06  1.44094229e-05  9.99996245e-01]
 [ 9.99997919e-01  1.65402889e-05 -4.50015068e-06]
 [ 9.99998369e-01  1.54078007e-05 -3.14414501e-06]
 [-1.56788155e-06  1.00001350e+00 -5.00679016e-06]
 [-2.03680247e-06  1.61677599e-05  9.99994561e-01]
 [-1.89943239e-06  1.54674053e-05  9.99994904e-01]
 [ 9.99998348e-01  1.61230564e-05 -5.17070293e-06]
 [-2.03307718e-06  1.00001644e+00 -4.11272049e-06]
 [ 9.99998294e-01  1.62869692e-05 -5.28991222e-06]
 [-2.09175050e-06  1.00001381e+00 -3.41236591e-06]
 [ 9.99998075e-01  1.57356262e-05 -4.99188900e-06]
 [-1.96183100e-06  1.00001551e+00 -3.38256359e-06]
 [-1.81980431e-06  1.00001283e+00 -3.30805779e-06]
 [-1.83470547e-06  1.72108412e-05  9.99994695e-01]
 [-2.12760642e-06  1.00001404e+00 -3.51667404e-06]
 [-1.77742913e-06  1.00001566e+00 -4.14252281e-06]
 [-2.04797834e-06  1.44690275e-05  9.99995396e-01]
 [ 9.99998071e-01  1.43945217e-05 -4.02331352e-06]
 [-1.83796510e-06  1.00001754e+00 -5.97536564e-06]
 [-2.13878229e-06  1.53034925e-05  9.99994934e-01]
 [-1.53528526e-06  1.49458647e-05  9.99995291e-01]
 [-1.84820965e-06  1.50054693e-05  9.99995008e-01]
 [-1.75554305e-06  1.33067369e-05  9.99996588e-01]
 [-2.40001827e-06  1.00001730e+00 -5.18560410e-06]
 [-2.12434679e-06  1.48266554e-05  9.99996588e-01]
 [-1.89803541e-06  1.44094229e-05  9.99994069e-01]
 [ 9.99997880e-01  1.42157078e-05 -3.21865082e-06]
 [ 9.99997846e-01  1.53332949e-05 -5.00679016e-06]
 [-1.72108412e-06  1.61379576e-05  9.99994472e-01]
 [-1.72341242e-06  1.00001775e+00 -6.42240047e-06]
 [ 9.99997903e-01  1.61826611e-05 -4.06801701e-06]
 [-2.18208879e-06  1.68532133e-05  9.99995738e-01]
 [-1.89384446e-06  1.63316727e-05  9.99993384e-01]
 [-2.01584771e-06  1.00001524e+00 -3.14414501e-06]
 [-1.96369365e-06  1.65551901e-05  9.99995470e-01]
 [-1.87568367e-06  1.54078007e-05  9.99996945e-01]
 [ 9.99997953e-01  1.61230564e-05 -5.30481339e-06]
 [-2.21049413e-06  1.51246786e-05  9.99998078e-01]
 [-1.69221312e-06  1.00001591e+00 -5.23030758e-06]
 [ 9.99998159e-01  1.40517950e-05 -2.16066837e-06]
 [-1.92830339e-06  1.53481960e-05  9.99995068e-01]
 [-1.96602196e-06  1.30236149e-05  9.99997050e-01]
 [-1.89989805e-06  1.00001730e+00 -6.16908073e-06]
 [-1.88313425e-06  1.00001405e+00 -3.93390656e-06]
 [ 9.99997674e-01  1.75237656e-05 -4.58955765e-06]
 [ 9.99998054e-01  1.62124634e-05 -4.88758087e-06]
 [ 9.99997913e-01  1.48862600e-05 -4.64916229e-06]]