[[ 4.17605042e-06  9.99992847e-01 -2.32458115e-06]
 [ 3.94880772e-06  9.99988675e-01 -1.43051147e-06]
 [ 1.00000417e+00 -8.58306885e-06 -3.57627869e-07]
 [ 4.08664346e-06 -1.05500221e-05  9.99998629e-01]
 [ 1.00000417e+00 -4.58955765e-06 -2.20537186e-06]
 [ 3.80724669e-06 -7.98702240e-06  9.99997795e-01]
 [ 4.05684114e-06 -7.74860382e-06  9.99999702e-01]
 [ 4.11272049e-06  9.99993205e-01 -1.25169754e-06]
 [ 4.00468707e-06  9.99990940e-01 -3.45706940e-06]
 [ 1.00000434e+00 -9.11951065e-06 -6.55651093e-07]
 [ 1.00000412e+00 -7.74860382e-06 -1.90734863e-06]
 [ 4.17605042e-06 -6.97374344e-06  9.99998271e-01]
 [ 4.14997339e-06 -5.66244125e-06  9.99997437e-01]
 [ 4.33623791e-06 -1.03712082e-05  9.99997973e-01]
 [ 4.11644578e-06 -7.39097595e-06  9.99996960e-01]
 [ 4.22075391e-06  9.99993563e-01 -1.07288361e-06]
 [ 4.00096178e-06  9.99991536e-01 -1.19209290e-06]
 [ 4.15369868e-06 -4.64916229e-06  9.99995947e-01]
 [ 1.00000435e+00 -6.02006912e-06 -3.75509262e-06]
 [ 1.00000433e+00 -3.63588333e-06 -3.15904617e-06]
 [ 1.00000448e+00 -7.21216202e-06 -4.47034836e-06]
 [ 1.00000420e+00 -1.18017197e-05 -3.15904617e-06]
 [ 1.00000426e+00 -6.25848770e-06 -2.32458115e-06]
 [ 4.20585275e-06  9.99994814e-01 -2.32458115e-06]
 [ 4.04939055e-06  9.99991238e-01 -3.69548798e-06]
 [ 4.14624810e-06 -6.37769699e-06  9.99999464e-01]
 [ 4.34368849e-06  9.99995232e-01 -5.06639481e-06]
 [ 1.00000436e+00 -7.56978989e-06  1.78813934e-07]
 [ 1.00000437e+00 -8.58306885e-06 -1.07288361e-06]
 [ 3.99723649e-06 -7.09295273e-06  9.99997675e-01]
 [ 4.28035855e-06  9.99993145e-01 -3.93390656e-06]
 [ 4.37721610e-06  9.99992430e-01 -4.11272049e-06]
 [ 1.00000387e+00 -9.83476639e-06 -1.78813934e-06]
 [ 4.11644578e-06  9.99989033e-01 -2.08616257e-06]
 [ 4.24683094e-06 -6.97374344e-06  1.00000262e+00]
 [ 1.00000435e+00 -5.96046448e-06 -1.07288361e-06]
 [ 1.00000411e+00 -9.65595245e-06 -3.51667404e-06]
 [ 3.87057662e-06 -9.29832458e-06  1.00000030e+00]
 [ 1.00000440e+00 -7.09295273e-06 -1.31130219e-06]
 [ 4.21330333e-06 -5.84125519e-06  9.99996185e-01]
 [ 3.77371907e-06 -7.45058060e-06  9.99999285e-01]
 [ 4.06429172e-06  9.99989450e-01 -5.36441803e-07]
 [ 1.00000445e+00 -9.71555710e-06  7.15255737e-07]
 [ 4.21330333e-06 -7.62939453e-06  1.00000161e+00]
 [ 1.00000392e+00 -1.11460686e-05  2.20537186e-06]
 [ 4.22447920e-06  9.99992907e-01  9.53674316e-07]
 [ 4.00468707e-06 -9.00030136e-06  9.99999523e-01]
 [ 1.00000424e+00 -9.41753387e-06 -1.66893005e-06]
 [ 3.50177288e-06 -1.24573708e-05  9.99998868e-01]
 [ 1.00000429e+00 -1.01923943e-05  8.34465027e-07]
 [ 1.00000401e+00 -9.35792923e-06 -2.68220901e-06]
 [ 3.76626849e-06 -6.43730164e-06  9.99998689e-01]
 [ 4.38094139e-06  9.99990880e-01 -2.20537186e-06]
 [ 4.03076410e-06  9.99992311e-01 -2.38418579e-06]
 [ 1.00000418e+00 -6.73532486e-06 -3.57627869e-06]
 [ 3.66196036e-06  9.99990821e-01 -1.13248825e-06]
 [ 1.00000434e+00 -8.64267349e-06 -1.54972076e-06]
 [ 4.22447920e-06  9.99994874e-01 -2.50339508e-06]
 [ 3.95625830e-06 -5.66244125e-06  9.99995053e-01]
 [ 4.13879752e-06  9.99990582e-01 -1.78813934e-06]
 [ 1.00000446e+00 -1.03712082e-05 -3.51667404e-06]
 [ 4.26173210e-06 -8.94069672e-06  1.00000179e+00]
 [ 1.00000418e+00 -9.17911530e-06 -2.38418579e-07]
 [ 1.00000414e+00 -8.16583633e-06 -1.07288361e-06]
 [ 1.00000402e+00 -8.58306885e-06 -3.51667404e-06]
 [ 3.96370888e-06 -7.51018524e-06  9.99997437e-01]
 [ 3.90782952e-06 -5.54323196e-06  9.99997914e-01]
 [ 3.77744436e-06  9.99992669e-01 -4.29153442e-06]
 [ 3.90410423e-06 -9.71555710e-06  1.00000036e+00]
 [ 4.07546759e-06 -7.62939453e-06  9.99997795e-01]
 [ 3.92273068e-06 -6.61611557e-06  9.99995947e-01]
 [ 1.00000402e+00 -7.62939453e-06  4.17232513e-07]
 [ 4.07919288e-06 -8.52346420e-06  9.99997139e-01]
 [ 1.00000390e+00 -8.46385956e-06  5.36441803e-07]
 [ 4.07546759e-06  9.99996424e-01 -1.96695328e-06]
 [ 4.36604023e-06 -4.64916229e-06  9.99997735e-01]
 [ 1.00000451e+00 -7.86781311e-06 -1.13248825e-06]
 [ 4.17232513e-06 -7.62939453e-06  9.99996305e-01]
 [ 1.00000402e+00 -6.73532486e-06 -1.60932541e-06]
 [ 3.78862023e-06  9.99992907e-01 -2.62260437e-06]
 [ 4.31016088e-06  9.99992907e-01 -1.66893005e-06]
 [ 3.71783972e-06  9.99990702e-01  2.98023224e-06]
 [ 1.00000414e+00 -6.37769699e-06 -5.42402267e-06]
 [ 1.00000444e+00 -1.03712082e-05 -1.78813934e-06]
 [ 3.81469727e-06 -5.48362732e-06  9.99995530e-01]
 [ 4.22075391e-06  9.99993324e-01 -1.49011612e-06]
 [ 1.00000400e+00 -8.16583633e-06 -2.08616257e-06]
 [ 1.00000410e+00 -1.03712082e-05  2.98023224e-07]
 [ 4.38839197e-06  9.99994159e-01 -1.01327896e-06]
 [ 3.95253301e-06  9.99993622e-01 -5.42402267e-06]
 [ 4.04939055e-06 -5.00679016e-06  9.99998510e-01]
 [ 3.82587314e-06  9.99991596e-01 -3.21865082e-06]
 [ 4.41446900e-06  9.99991179e-01  1.19209290e-07]
 [ 4.25800681e-06 -7.86781311e-06  9.99995410e-01]
 [ 3.83704901e-06 -5.78165054e-06  9.99996245e-01]
 [ 1.00000421e+00 -1.09076500e-05 -2.80141830e-06]
 [ 1.00000425e+00 -8.52346420e-06  1.19209290e-07]
 [ 4.22820449e-06  9.99988914e-01 -6.55651093e-07]
 [ 1.00000402e+00 -5.60283661e-06 -1.54972076e-06]
 [ 4.01958823e-06 -6.79492950e-06  9.99997079e-01]
 [ 1.00000417e+00 -7.45058060e-06 -2.32458115e-06]
 [ 4.12762165e-06 -1.29938126e-05  9.99996066e-01]
 [ 4.03821468e-06  9.99993742e-01 -2.86102295e-06]
 [ 1.00000402e+00 -1.46627426e-05 -5.96046448e-08]
 [ 1.00000435e+00 -6.55651093e-06 -3.99351120e-06]
 [ 1.00000401e+00 -7.80820847e-06 -7.15255737e-07]
 [ 4.04193997e-06  9.99992669e-01 -4.52995300e-06]
 [ 4.09781933e-06 -1.04904175e-05  9.99998629e-01]
 [ 4.28780913e-06 -6.55651093e-06  9.99996364e-01]
 [ 4.28408384e-06 -5.84125519e-06  1.00000036e+00]
 [ 4.04939055e-06  9.99992371e-01 -8.34465027e-07]
 [ 4.14624810e-06 -9.29832458e-06  9.99995589e-01]
 [ 4.04939055e-06  9.99994516e-01 -1.90734863e-06]
 [ 1.00000406e+00 -1.06096268e-05 -8.34465027e-07]
 [ 1.00000412e+00 -7.80820847e-06 -4.52995300e-06]
 [ 3.94880772e-06  9.99990880e-01 -8.94069672e-07]
 [ 1.00000428e+00 -5.84125519e-06 -1.84774399e-06]
 [ 4.08291817e-06 -6.79492950e-06  9.99994099e-01]
 [ 3.83704901e-06  9.99989152e-01  0.00000000e+00]
 [ 4.07919288e-06  9.99987364e-01 -2.62260437e-06]
 [ 4.06429172e-06 -1.01327896e-05  1.00000185e+00]
 [ 4.10154462e-06  9.99996126e-01 -2.62260437e-06]
 [ 3.85940075e-06  9.99992967e-01  0.00000000e+00]
 [ 4.28035855e-06  9.99991000e-01 -2.38418579e-06]
 [ 4.01213765e-06  9.99990404e-01 -1.43051147e-06]
 [ 3.50549817e-06  9.99992013e-01 -2.98023224e-07]
 [ 1.00000380e+00 -1.06692314e-05  1.19209290e-07]
 [ 3.95998359e-06  9.99993861e-01  2.56299973e-06]
 [ 3.93018126e-06 -5.00679016e-06  9.99995172e-01]
 [ 3.90782952e-06 -1.22785568e-05  1.00000018e+00]
 [ 3.97115946e-06 -8.28504562e-06  9.99996483e-01]
 [ 3.82959843e-06  9.99993980e-01 -4.41074371e-06]
 [ 4.07919288e-06 -7.68899918e-06  1.00000095e+00]
 [ 3.92273068e-06 -1.10268593e-05  9.99999821e-01]]