[[ 1.00000128e+00 -1.31130219e-06 -1.57952309e-06]
 [ 1.00000132e+00 -8.64267349e-07 -2.77161598e-06]
 [ 1.09523535e-06  9.99999553e-01 -2.71201134e-06]
 [ 1.00000120e+00 -1.99675560e-06 -3.33786011e-06]
 [ 1.20699406e-06  9.99997854e-01 -2.68220901e-06]
 [ 1.24610960e-06 -1.31130219e-06  9.99997169e-01]
 [ 1.12690032e-06  1.19209290e-07  9.99997973e-01]
 [ 1.00000128e+00 -1.51991844e-06 -2.23517418e-06]
 [ 1.00000125e+00 -9.83476639e-07 -9.23871994e-07]
 [ 1.25542283e-06  9.99999374e-01 -2.41398811e-06]
 [ 1.25169754e-06  1.19209290e-07  9.99997616e-01]
 [ 1.13435090e-06 -1.78813934e-06  9.99997884e-01]
 [ 1.10082328e-06  6.25848770e-07  9.99995410e-01]
 [ 1.16042793e-06  9.99998271e-01 -2.50339508e-06]
 [ 1.00000115e+00 -2.14576721e-06 -3.15904617e-06]
 [ 1.14925206e-06 -1.04308128e-06  9.99997556e-01]
 [ 1.15111470e-06  9.99998838e-01 -2.29477882e-06]
 [ 1.11944973e-06  9.99997824e-01 -2.98023224e-06]
 [ 1.00000100e+00 -1.04308128e-06 -3.60608101e-06]
 [ 1.14552677e-06 -2.50339508e-06  9.99998301e-01]
 [ 1.00000125e+00 -9.53674316e-07 -5.12599945e-06]
 [ 1.13248825e-06  9.99998510e-01 -2.50339508e-06]
 [ 1.00000118e+00 -8.64267349e-07 -2.71201134e-06]
 [ 1.15297735e-06  9.99998361e-01 -3.06963921e-06]
 [ 1.07660890e-06  6.55651093e-07  9.99996990e-01]
 [ 1.01700425e-06 -2.68220901e-07  9.99997377e-01]
 [ 1.15483999e-06  1.00000009e+00 -6.55651093e-07]
 [ 1.00000124e+00 -6.55651093e-07 -1.96695328e-06]
 [ 9.23871994e-07 -1.19209290e-07  9.99997795e-01]
 [ 1.19768083e-06  9.99998838e-01 -3.78489494e-06]
 [ 1.00000114e+00 -8.34465027e-07 -2.44379044e-06]
 [ 1.02259219e-06 -9.83476639e-07  9.99996752e-01]
 [ 1.00000106e+00 -3.21865082e-06 -2.95042992e-06]
 [ 1.28149986e-06  3.27825546e-07  9.99998063e-01]
 [ 1.15670264e-06  1.00000107e+00 -4.97698784e-06]
 [ 9.72300768e-07  4.17232513e-07  9.99998391e-01]
 [ 1.01886690e-06  9.99998331e-01 -2.29477882e-06]
 [ 1.00000081e+00 -8.34465027e-07 -2.62260437e-06]
 [ 1.16229057e-06  1.00000182e+00 -4.50015068e-06]
 [ 9.46223736e-07  1.40070915e-06  9.99995708e-01]
 [ 1.45100057e-06  9.99999195e-01 -1.96695328e-06]
 [ 1.30571425e-06  9.99998838e-01 -2.56299973e-06]
 [ 8.99657607e-07  1.00000015e+00 -1.75833702e-06]
 [ 1.03190541e-06  9.99998480e-01 -2.80141830e-06]
 [ 1.12876296e-06 -1.10268593e-06  9.99999195e-01]
 [ 1.23493373e-06  1.00000021e+00 -3.42726707e-06]
 [ 7.58096576e-07 -8.64267349e-07  9.99998778e-01]
 [ 1.00000073e+00 -2.32458115e-06  1.07288361e-06]
 [ 1.00000123e+00 -2.98023224e-07 -1.43051147e-06]
 [ 1.01514161e-06 -6.55651093e-07  9.99996156e-01]
 [ 1.16787851e-06 -1.54972076e-06  9.99997437e-01]
 [ 9.31322575e-07  5.06639481e-07  9.99996781e-01]
 [ 1.00000142e+00 -1.78813934e-07 -3.12924385e-06]
 [ 1.00000082e+00 -2.89082527e-06 -8.94069672e-07]
 [ 1.10454857e-06  1.10268593e-06  9.99996185e-01]
 [ 1.07474625e-06  9.99999225e-01 -2.38418579e-06]
 [ 1.30012631e-06  1.04308128e-06  9.99995679e-01]
 [ 9.36910510e-07  2.38418579e-07  9.99996871e-01]
 [ 1.45286322e-06 -1.28149986e-06  9.99997377e-01]
 [ 1.17532909e-06 -5.06639481e-07  9.99998361e-01]
 [ 1.00000090e+00  3.57627869e-07 -3.87430191e-06]
 [ 1.00000085e+00 -7.74860382e-07 -1.87754631e-06]
 [ 1.02445483e-06  9.99998957e-01 -4.64916229e-06]
 [ 1.00000116e+00 -1.01327896e-06 -5.06639481e-06]
 [ 1.00024045e-06  9.99997914e-01 -3.36766243e-06]
 [ 1.00000083e+00 -1.72853470e-06 -4.35113907e-06]
 [ 1.22748315e-06  1.00000116e+00 -3.27825546e-06]
 [ 1.02445483e-06 -1.43051147e-06  9.99995768e-01]
 [ 1.23307109e-06 -2.68220901e-07  9.99995232e-01]
 [ 1.08219683e-06 -4.76837158e-07  9.99997079e-01]
 [ 1.00000103e+00 -3.27825546e-07 -2.89082527e-06]
 [ 1.00000128e+00  2.38418579e-06 -4.91738319e-06]
 [ 1.00000083e+00  5.96046448e-07 -2.83122063e-06]
 [ 1.00000134e+00 -1.51991844e-06 -1.07288361e-06]
 [ 9.70438123e-07  9.99998838e-01 -3.36766243e-06]
 [ 1.38022006e-06 -8.64267349e-07  9.99995887e-01]
 [ 1.01514161e-06 -1.40070915e-06  9.99996394e-01]
 [ 1.00000085e+00  8.34465027e-07 -2.05636024e-06]
 [ 1.00000146e+00  1.19209290e-06 -3.03983688e-06]
 [ 1.02445483e-06 -1.13248825e-06  9.99997586e-01]
 [ 1.00000098e+00 -3.01003456e-06 -8.94069672e-07]
 [ 1.00000128e+00  4.47034836e-07 -6.02006912e-06]
 [ 1.06729567e-06  9.99998301e-01 -3.01003456e-06]
 [ 1.00000125e+00 -4.76837158e-07 -2.29477882e-06]
 [ 1.18650496e-06  1.49011612e-07  9.99995887e-01]
 [ 1.01141632e-06  1.00000063e+00 -5.45382500e-06]
 [ 1.32620335e-06  1.00000092e+00 -5.00679016e-06]
 [ 1.00000113e+00 -5.96046448e-08 -2.65240669e-06]
 [ 1.00024045e-06  9.99999225e-01 -2.41398811e-06]
 [ 9.16421413e-07  8.94069672e-08  9.99996334e-01]
 [ 1.07102096e-06  9.99999851e-01 -2.98023224e-06]
 [ 1.16787851e-06  1.31130219e-06  9.99996603e-01]
 [ 1.00000110e+00 -8.94069672e-08 -4.32133675e-06]
 [ 1.29267573e-06  5.06639481e-07  9.99997795e-01]
 [ 1.00000094e+00 -8.94069672e-08 -9.53674316e-07]
 [ 1.14738941e-06  1.78813934e-07  9.99997228e-01]
 [ 8.41915607e-07 -5.96046448e-08  9.99997318e-01]
 [ 1.11572444e-06  9.99999225e-01 -1.60932541e-06]
 [ 1.05425715e-06  1.43051147e-06  9.99997675e-01]
 [ 1.12690032e-06  1.00000140e+00 -4.35113907e-06]
 [ 9.62987542e-07  9.99999702e-01 -2.14576721e-06]
 [ 1.14925206e-06  1.25169754e-06  9.99995321e-01]
 [ 1.26473606e-06  1.00000173e+00 -3.45706940e-06]
 [ 1.00000106e+00  6.85453415e-07 -3.45706940e-06]
 [ 1.07847154e-06  9.99999970e-01 -1.99675560e-06]
 [ 1.16229057e-06  1.00000021e+00 -2.68220901e-06]
 [ 1.00000100e+00  1.57952309e-06 -5.45382500e-06]
 [ 1.00000085e+00  1.16229057e-06 -3.63588333e-06]
 [ 1.07660890e-06 -4.47034836e-07  9.99996394e-01]
 [ 1.24797225e-06  9.99998778e-01 -3.84449959e-06]
 [ 1.22375786e-06 -1.04308128e-06  9.99996811e-01]
 [ 1.00000132e+00 -1.96695328e-06 -2.80141830e-06]
 [ 1.00000118e+00 -7.15255737e-07 -3.69548798e-06]
 [ 1.00000110e+00 -2.38418579e-06 -2.83122063e-06]
 [ 1.13993883e-06 -1.72853470e-06  9.99997437e-01]
 [ 1.11944973e-06  9.99999195e-01 -2.08616257e-06]
 [ 9.96515155e-07  1.00000033e+00 -4.20212746e-06]
 [ 1.34110451e-06  9.99999583e-01 -3.12924385e-06]
 [ 1.00000084e+00  2.98023224e-07 -2.86102295e-06]
 [ 1.19395554e-06  1.00000057e+00 -4.02331352e-06]
 [ 1.15483999e-06  9.99999762e-01 -3.15904617e-06]
 [ 1.18650496e-06  1.00000039e+00 -2.41398811e-06]
 [ 1.22934580e-06  9.99998122e-01 -3.81469727e-06]
 [ 1.20699406e-06  1.00000048e+00 -4.35113907e-06]
 [ 8.94069672e-07  8.94069672e-07  9.99995142e-01]
 [ 1.17719173e-06  9.99999166e-01 -3.39746475e-06]
 [ 1.15111470e-06 -2.08616257e-06  9.99996811e-01]
 [ 1.00000103e+00  1.34110451e-06 -5.42402267e-06]
 [ 9.98377800e-07  1.00000080e+00 -3.84449959e-06]
 [ 1.00000140e+00 -1.75833702e-06 -1.93715096e-06]
 [ 1.00000091e+00  1.40070915e-06 -4.14252281e-06]
 [ 1.18650496e-06  6.85453415e-07  9.99995649e-01]
 [ 1.32806599e-06  1.78813934e-07  9.99995679e-01]
 [ 1.00000101e+00  2.38418579e-07 -1.90734863e-06]]