[[ 1.30906701e-05  1.00000279e+00 -1.07586384e-05]
 [ 1.00001311e+00 -1.59442425e-06 -3.54647636e-06]
 [ 1.00001334e+00 -2.78651714e-06 -4.32133675e-06]
 [ 1.00001316e+00 -1.62422657e-06 -2.74181366e-06]
 [ 1.00001336e+00 -1.84774399e-06 -3.18884850e-06]
 [ 1.00001340e+00  1.19209290e-06 -5.75184822e-06]
 [ 1.00001339e+00  1.95205212e-06 -5.00679016e-06]
 [ 1.29044056e-05  9.99997392e-01 -6.22868538e-06]
 [ 1.28149986e-05  1.86264515e-06  9.99993831e-01]
 [ 1.28522515e-05  1.00000055e+00 -7.27176666e-06]
 [ 1.27479434e-05 -1.65402889e-06  9.99991268e-01]
 [ 1.27777457e-05 -3.76999378e-06  9.99993235e-01]
 [ 1.27926469e-05  9.99999046e-01 -2.59280205e-06]
 [ 1.30757689e-05  1.00000152e+00 -1.20401382e-05]
 [ 1.28820539e-05  9.99999762e-01 -7.71880150e-06]
 [ 1.00001350e+00  2.47359276e-06 -9.89437103e-06]
 [ 1.28671527e-05  9.99996379e-01 -5.18560410e-06]
 [ 1.28597021e-05  9.99996692e-01 -3.75509262e-06]
 [ 1.00001347e+00  1.68383121e-06 -9.71555710e-06]
 [ 1.27032399e-05  9.99993384e-01  1.16229057e-06]
 [ 1.29416585e-05  1.00000350e+00 -6.97374344e-06]
 [ 1.28820539e-05 -3.65078449e-06  9.99993205e-01]
 [ 1.27628446e-05  2.14576721e-06  9.99990702e-01]
 [ 1.28298998e-05  3.47197056e-06  9.99992132e-01]
 [ 1.25616789e-05 -4.42564487e-06  9.99996215e-01]
 [ 1.29565597e-05  9.99996662e-01 -2.26497650e-06]
 [ 1.28075480e-05  2.53319740e-07  9.99993682e-01]
 [ 1.00001321e+00 -3.66568565e-06 -5.69224358e-06]
 [ 1.00001325e+00 -1.23679638e-06 -3.90410423e-06]
 [ 1.27777457e-05 -2.38418579e-07  9.99994487e-01]
 [ 1.31353736e-05  3.45706940e-06  9.99993533e-01]
 [ 1.00001308e+00 -5.17070293e-06 -1.87754631e-06]
 [ 1.33290887e-05  1.00000289e+00 -9.44733620e-06]
 [ 1.30310655e-05  1.00000012e+00 -7.18235970e-06]
 [ 1.31577253e-05  1.00000408e+00 -1.02221966e-05]
 [ 1.00001369e+00 -3.38256359e-06 -5.54323196e-06]
 [ 1.28448009e-05 -3.39746475e-06  9.99995232e-01]
 [ 1.32247806e-05  1.51991844e-06  9.99992698e-01]
 [ 1.31800771e-05  2.68220901e-07  9.99994308e-01]
 [ 1.00001368e+00 -6.63101673e-06 -6.85453415e-07]
 [ 1.30608678e-05 -2.04145908e-06  9.99995440e-01]
 [ 1.29118562e-05 -1.59442425e-06  9.99998420e-01]
 [ 1.33886933e-05  9.99998957e-01 -5.42402267e-06]
 [ 1.34482980e-05  9.99996543e-01 -4.82797623e-06]
 [ 1.33886933e-05  1.00000435e+00 -8.91089439e-06]
 [ 1.33886933e-05  1.49011612e-07  9.99993116e-01]
 [ 1.34333968e-05  1.00000004e+00 -6.43730164e-06]
 [ 1.00001334e+00 -4.87267971e-06 -3.81469727e-06]
 [ 1.00001336e+00 -1.93715096e-07 -4.82797623e-06]
 [ 1.32396817e-05  9.99998346e-01 -6.34789467e-06]
 [ 1.29565597e-05  9.99993563e-01 -2.83122063e-06]
 [ 1.32322311e-05 -1.44541264e-06  9.99996394e-01]
 [ 1.32694840e-05  9.99997333e-01 -6.40749931e-06]
 [ 1.33737922e-05  2.83122063e-06  9.99991328e-01]
 [ 1.28373504e-05  2.53319740e-07  9.99991894e-01]
 [ 1.00001386e+00 -1.04308128e-07 -5.18560410e-06]
 [ 1.00001353e+00 -1.69873238e-06 -1.84774399e-06]
 [ 1.00001358e+00 -1.35600567e-06 -5.33461571e-06]
 [ 1.00001317e+00 -2.20537186e-06 -4.26173210e-06]
 [ 1.36196613e-05  1.00000113e+00 -6.61611557e-06]
 [ 1.30534172e-05 -2.27987766e-06  9.99993682e-01]
 [ 1.28224492e-05 -3.23355198e-06  9.99996781e-01]
 [ 1.32769346e-05  1.00000164e+00 -7.53998756e-06]
 [ 1.33365393e-05 -1.04308128e-07  9.99991059e-01]
 [ 1.00001395e+00 -2.60770321e-06 -5.69224358e-06]
 [ 1.00001357e+00 -2.23517418e-06 -5.72204590e-06]
 [ 1.00001338e+00 -6.21378422e-06  6.85453415e-07]
 [ 1.00001345e+00 -1.49011612e-07 -4.47034836e-06]
 [ 1.29342079e-05 -1.87754631e-06  9.99995857e-01]
 [ 1.00001337e+00 -7.58469105e-06  3.87430191e-07]
 [ 1.32694840e-05  9.99992415e-01 -1.81794167e-06]
 [ 1.29565597e-05  7.82310963e-06  9.99986112e-01]
 [ 1.33290887e-05  9.99997765e-01 -3.93390656e-06]
 [ 1.28969550e-05 -1.29640102e-06  9.99995321e-01]
 [ 1.00001351e+00 -3.12924385e-06 -3.96370888e-06]
 [ 1.30906701e-05  9.99996975e-01 -4.20212746e-06]
 [ 1.28298998e-05 -6.40749931e-07  9.99994576e-01]
 [ 1.32396817e-05  9.99995038e-01 -2.14576721e-06]
 [ 1.29491091e-05  2.90572643e-06  9.99990433e-01]
 [ 1.31949782e-05  9.99997899e-01 -3.36766243e-06]
 [ 1.00001352e+00  1.74343586e-06 -9.03010368e-06]
 [ 1.32545829e-05 -4.47034836e-08  9.99996811e-01]
 [ 1.28448009e-05  1.93715096e-07  9.99994636e-01]
 [ 1.33067369e-05  1.00000063e+00 -3.18884850e-06]
 [ 1.00001387e+00  2.23517418e-06 -9.77516174e-06]
 [ 1.00001343e+00 -2.01165676e-06 -2.98023224e-06]
 [ 1.00001350e+00  2.01165676e-06 -9.44733620e-06]
 [ 1.00001346e+00 -1.23679638e-06 -4.85777855e-06]
 [ 1.00001327e+00 -1.23679638e-06 -4.23192978e-06]
 [ 1.31428242e-05  1.04308128e-06  9.99991775e-01]
 [ 1.33365393e-05  4.82797623e-06  9.99990702e-01]
 [ 1.30832195e-05  9.99998167e-01 -3.12924385e-06]
 [ 1.00001341e+00  3.79979610e-06 -1.03116035e-05]
 [ 1.30236149e-05 -2.19047070e-06  9.99996871e-01]
 [ 1.00001366e+00 -7.74860382e-07 -4.79817390e-06]
 [ 1.37314200e-05  9.99998406e-01 -5.03659248e-06]
 [ 1.00001357e+00  2.19047070e-06 -8.61287117e-06]
 [ 1.35079026e-05  1.00000289e+00 -1.06394291e-05]
 [ 1.29118562e-05 -7.89761543e-07  9.99995649e-01]
 [ 1.30236149e-05  1.00000155e+00 -8.70227814e-06]
 [ 1.00001350e+00  3.72529030e-07 -9.59634781e-06]
 [ 1.33514404e-05  1.00000082e+00 -3.45706940e-06]
 [ 1.35600567e-05  9.99996409e-01 -4.82797623e-06]
 [ 1.28149986e-05 -1.07437372e-05  1.00000575e+00]
 [ 1.33961439e-05  1.47521496e-06  9.99990076e-01]
 [ 1.30236149e-05 -4.24683094e-06  1.00000033e+00]
 [ 1.28298998e-05 -2.39908695e-06  9.99996275e-01]
 [ 1.00001375e+00 -6.30319118e-06 -2.89082527e-06]
 [ 1.35004520e-05  1.00000145e+00 -7.83801079e-06]
 [ 1.32620335e-05  9.99997631e-01 -4.52995300e-06]
 [ 1.00001381e+00  3.79979610e-06 -1.04904175e-05]
 [ 1.00001308e+00 -1.89244747e-06 -3.93390656e-06]
 [ 1.00001395e+00 -3.63588333e-06 -4.14252281e-06]
 [ 1.00001334e+00 -4.02331352e-06 -3.54647636e-06]
 [ 1.31428242e-05 -1.19209290e-06  9.99994814e-01]
 [ 1.30757689e-05  9.99995112e-01 -3.66568565e-06]
 [ 1.31204724e-05  9.99998376e-01 -2.89082527e-06]
 [ 1.00001338e+00 -2.74181366e-06 -3.75509262e-06]
 [ 1.32173300e-05  9.99994859e-01 -5.06639481e-07]
 [ 1.33514404e-05  9.99998763e-01 -4.82797623e-06]
 [ 1.35526061e-05  1.00000161e+00 -8.67247581e-06]
 [ 1.00001349e+00 -1.31130219e-06 -4.47034836e-06]
 [ 1.31800771e-05 -3.71038914e-06  9.99998331e-01]
 [ 1.28597021e-05 -3.42726707e-06  9.99995738e-01]
 [ 1.00001331e+00 -1.22189522e-06 -5.63263893e-06]
 [ 1.27255917e-05  6.85453415e-07  9.99994427e-01]
 [ 1.00001351e+00  1.99675560e-06 -7.65919685e-06]
 [ 1.00001346e+00  1.53481960e-06 -6.97374344e-06]
 [ 1.30981207e-05  4.17232513e-07  9.99992400e-01]
 [ 1.36718154e-05  1.00000054e+00 -8.37445259e-06]
 [ 1.00001319e+00 -2.99513340e-06 -3.21865082e-06]
 [ 1.31055713e-05 -2.53319740e-06  9.99995351e-01]
 [ 1.34035945e-05  1.00000066e+00 -6.02006912e-06]
 [ 1.00001416e+00  6.25848770e-07 -8.22544098e-06]]