[[-1.21444464e-05  9.99995712e-01 -1.57207251e-06]
 [-1.30683184e-05  7.26431608e-08  9.99996416e-01]
 [-1.38208270e-05  1.00000226e+00 -6.42985106e-06]
 [-1.28000975e-05 -7.99074769e-07  9.99995783e-01]
 [ 9.99986924e-01  1.34482980e-06 -5.11854887e-06]
 [-1.14589930e-05  9.99993142e-01  5.81145287e-07]
 [-1.08182430e-05 -8.34651291e-06  1.00000142e+00]
 [-1.26659870e-05 -1.22934580e-06  9.99995947e-01]
 [-1.32396817e-05 -3.83704901e-07  9.99994241e-01]
 [ 9.99989279e-01 -1.04792416e-05  3.59117985e-06]
 [-1.06617808e-05  9.99990407e-01  2.72691250e-06]
 [ 9.99988310e-01 -8.23289156e-07 -5.17070293e-06]
 [ 9.99987066e-01  1.87009573e-06 -5.64008951e-06]
 [-1.42082572e-05  1.00000329e+00 -6.92903996e-06]
 [ 9.99987274e-01  3.65078449e-07 -5.43892384e-06]
 [ 9.99987334e-01 -1.82911754e-06 -2.98768282e-06]
 [-1.30534172e-05 -8.86619091e-07  9.99995567e-01]
 [ 9.99988131e-01 -2.22772360e-06 -3.49432230e-06]
 [-1.36122108e-05  4.25428152e-06  9.99990657e-01]
 [ 9.99988459e-01 -5.90085983e-06 -5.58793545e-07]
 [ 9.99987625e-01 -1.45658851e-06 -3.09944153e-06]
 [-1.05053186e-05  9.99989348e-01  4.04566526e-06]
 [-1.26883388e-05 -8.94069672e-08  9.99994993e-01]
 [-1.32024288e-05  1.00000222e+00 -7.60704279e-06]
 [ 9.99988340e-01 -3.90037894e-06 -9.46223736e-07]
 [ 9.99987669e-01 -2.66730785e-06 -2.59280205e-06]
 [-1.37761235e-05  3.83704901e-06  9.99992952e-01]
 [-1.30385160e-05 -4.43309546e-07  9.99995567e-01]
 [-1.36345625e-05  1.00000217e+00 -5.90085983e-06]
 [ 9.99986649e-01  2.05263495e-06 -5.11109829e-06]
 [-1.20699406e-05  9.99998709e-01 -3.63588333e-06]
 [-8.70227814e-06 -1.56909227e-05  1.00000715e+00]
 [ 9.99987215e-01  1.34110451e-06 -5.84870577e-06]
 [-1.18315220e-05 -6.70179725e-06  1.00000010e+00]
 [-1.26212835e-05 -1.20513141e-06  9.99996722e-01]
 [-1.18762255e-05  9.99996088e-01 -9.16421413e-07]
 [-1.28149986e-05  9.99998404e-01 -3.75509262e-06]
 [-1.44541264e-05  5.79282641e-06  9.99992959e-01]
 [-1.27777457e-05  9.99999132e-01 -3.49432230e-06]
 [-1.38580799e-05  1.00000204e+00 -6.18398190e-06]
 [-1.23977661e-05  9.99996532e-01 -2.80886889e-06]
 [-1.21593475e-05 -3.91900539e-06  9.99997973e-01]
 [-1.15334988e-05  9.99991927e-01  2.76416540e-06]
 [-1.21146441e-05  9.99995280e-01 -1.73598528e-06]
 [ 9.99988630e-01 -5.63263893e-06 -7.45058060e-08]
 [ 9.99988206e-01 -4.30271029e-06 -1.39325857e-06]
 [ 9.99986783e-01  1.54227018e-06 -5.42402267e-06]
 [-1.34110451e-05  2.45310366e-06  9.99992944e-01]
 [-1.13323331e-05  9.99992512e-01  1.47521496e-06]
 [-1.23605132e-05 -1.18464231e-06  9.99996752e-01]
 [-1.42306089e-05  3.68617475e-06  9.99991074e-01]
 [-1.12429261e-05  9.99994557e-01 -1.54227018e-06]
 [-1.10119581e-05 -7.67037272e-06  1.00000009e+00]
 [-1.16452575e-05  9.99994610e-01  6.25848770e-07]
 [ 9.99987818e-01 -1.77323818e-06 -3.62843275e-06]
 [-1.16452575e-05  9.99993801e-01 -2.98023224e-07]
 [-1.19805336e-05  9.99996502e-01 -2.39163637e-06]
 [-1.52140856e-05  8.22544098e-06  9.99989733e-01]
 [-1.21369958e-05  9.99997815e-01 -3.12179327e-06]
 [-1.23679638e-05  9.99996632e-01 -1.81794167e-06]
 [-1.04531646e-05 -7.59586692e-06  1.00000030e+00]
 [ 9.99985762e-01  5.01051545e-06 -8.87364149e-06]
 [-1.16825104e-05  9.99992296e-01  7.97212124e-07]
 [ 9.99988034e-01 -1.26287341e-06 -3.39001417e-06]
 [ 9.99987975e-01 -3.58372927e-06 -2.22772360e-06]
 [ 9.99986708e-01  7.48783350e-07 -4.64916229e-06]
 [-1.21295452e-05 -3.61911952e-06  9.99998502e-01]
 [-1.33290887e-05  1.00000215e+00 -6.78747892e-06]
 [-1.20028853e-05  9.99993939e-01 -7.45058060e-09]
 [-1.40666962e-05  1.00000471e+00 -8.24779272e-06]
 [-1.32471323e-05  1.00000070e+00 -4.93228436e-06]
 [ 9.99987923e-01  3.42726707e-07 -5.60283661e-06]
 [ 9.99987774e-01 -2.30595469e-06 -2.85357237e-06]
 [-1.12578273e-05  9.99991462e-01  1.60187483e-06]
 [ 9.99987543e-01 -2.77161598e-06 -2.13086605e-06]
 [ 9.99987207e-01  1.53668225e-06 -5.56558371e-06]
 [-1.23307109e-05 -4.17605042e-06  9.99997765e-01]
 [-1.32471323e-05  9.99999348e-01 -4.38839197e-06]
 [-1.03786588e-05  9.99989100e-01  4.26918268e-06]
 [ 9.99986082e-01  6.59376383e-06 -1.03265047e-05]
 [ 9.99988779e-01 -5.34206629e-06 -1.53481960e-06]
 [-1.38133764e-05  4.56534326e-06  9.99991521e-01]
 [-1.27553940e-05 -1.84588134e-06  9.99997020e-01]
 [-1.37537718e-05  3.89292836e-06  9.99992386e-01]
 [ 9.99988124e-01 -2.06008554e-06 -2.21282244e-06]
 [-1.33812428e-05 -6.37024641e-07  9.99995746e-01]
 [ 9.99985918e-01  3.30060720e-06 -6.47455454e-06]
 [-1.43051147e-05  1.00000447e+00 -7.48038292e-06]
 [-1.27106905e-05 -1.75088644e-06  9.99996938e-01]
 [ 9.99988280e-01 -6.23613596e-06 -5.28991222e-07]
 [-1.04606152e-05 -6.68503344e-06  9.99999270e-01]
 [ 9.99987558e-01 -1.11386180e-06 -2.88337469e-06]
 [ 9.99988548e-01 -4.55230474e-06 -8.79168510e-07]
 [ 9.99988228e-01 -4.92110848e-06 -1.09523535e-06]
 [ 9.99989666e-01 -8.95932317e-06  2.78651714e-06]
 [-9.76771116e-06  9.99986658e-01  5.23775816e-06]
 [ 9.99986336e-01  4.09409404e-06 -8.73208046e-06]
 [ 9.99986805e-01  1.01327896e-06 -4.41819429e-06]
 [ 9.99988608e-01 -5.75557351e-06 -4.54485416e-07]
 [-1.14440918e-05  9.99992996e-01  7.59959221e-07]
 [-1.35079026e-05  1.00000145e+00 -6.08712435e-06]
 [-1.32545829e-05  9.99999102e-01 -2.06381083e-06]
 [-1.31353736e-05  9.99999549e-01 -4.15742397e-06]
 [-1.27926469e-05  1.00000135e+00 -6.10202551e-06]
 [-1.35228038e-05  2.09361315e-06  9.99994047e-01]
 [ 9.99986649e-01  1.64657831e-06 -5.24520874e-06]
 [-1.24946237e-05 -2.25193799e-06  9.99997243e-01]
 [-1.20475888e-05 -3.42354178e-06  9.99997593e-01]
 [-1.19209290e-05 -6.88992441e-06  1.00000051e+00]
 [-1.40443444e-05  1.00000513e+00 -8.38190317e-06]
 [ 9.99987520e-01 -2.57045031e-06 -2.74181366e-06]
 [-1.14366412e-05 -7.32578337e-06  1.00000083e+00]
 [-1.22189522e-05  9.99997519e-01 -3.47942114e-06]
 [-1.24871731e-05 -1.02818012e-06  9.99995217e-01]
 [-1.04010105e-05 -7.46920705e-06  1.00000060e+00]
 [-1.04457140e-05 -1.25467777e-05  1.00000542e+00]
 [ 9.99989904e-01 -9.45292413e-06  1.99675560e-06]
 [-1.28448009e-05  9.99998147e-01 -2.26497650e-06]
 [-1.14515424e-05 -6.58631325e-06  1.00000001e+00]
 [ 9.99987714e-01 -4.52250242e-06 -1.28895044e-06]
 [ 9.99987938e-01 -2.44006515e-06 -3.20374966e-06]
 [ 9.99987565e-01  2.04518437e-06 -5.73694706e-06]
 [ 9.99987945e-01 -2.68965960e-06 -1.61677599e-06]
 [-1.57430768e-05  1.00001044e+00 -1.14440918e-05]
 [ 9.99988176e-01 -4.13507223e-06 -9.23871994e-07]
 [ 9.99987610e-01 -8.86619091e-07 -3.91900539e-06]
 [-1.19656324e-05 -4.11272049e-06  9.99999091e-01]
 [-1.31949782e-05  9.96515155e-07  9.99994338e-01]
 [-1.40666962e-05  3.36021185e-06  9.99992743e-01]
 [-1.21146441e-05 -6.10947609e-06  1.00000028e+00]
 [-1.10492110e-05 -6.06849790e-06  9.99999948e-01]
 [-1.08405948e-05 -6.97560608e-06  9.99999948e-01]
 [ 9.99989107e-01 -7.74487853e-06  1.49011612e-07]
 [-1.17570162e-05  9.99994148e-01  3.20374966e-07]]