[[-6.83777034e-06  9.99991357e-01 -4.35113907e-06]
 [-7.25034624e-06 -9.95397568e-06  9.99997020e-01]
 [ 9.99992541e-01 -1.00731850e-05 -2.92062759e-06]
 [-6.78189099e-06  9.99990880e-01 -3.69548798e-06]
 [-7.05011189e-06 -1.04904175e-05  9.99996781e-01]
 [ 9.99993335e-01 -8.94069672e-06 -4.47034836e-06]
 [-7.59772956e-06  9.99989092e-01 -3.27825546e-06]
 [-6.67013228e-06  9.99991596e-01 -2.80141830e-06]
 [-6.76605850e-06  9.99991298e-01 -3.93390656e-06]
 [-6.79586083e-06  9.99990165e-01 -3.93390656e-06]
 [-7.16932118e-06  9.99991179e-01 -3.45706940e-06]
 [-7.31926411e-06  9.99988854e-01 -3.03983688e-06]
 [-7.25127757e-06  9.99988914e-01 -2.86102295e-06]
 [-7.11530447e-06 -1.03116035e-05  9.99996603e-01]
 [ 9.99992513e-01 -1.00731850e-05 -1.72853470e-06]
 [-6.89364970e-06  9.99990582e-01 -5.12599945e-06]
 [-6.24265522e-06  9.99991655e-01 -6.73532486e-06]
 [-6.64964318e-06 -1.01923943e-05  9.99995887e-01]
 [-6.84056431e-06  9.99990642e-01 -4.11272049e-06]
 [-7.13858753e-06 -1.04904175e-05  9.99996424e-01]
 [ 9.99992731e-01 -1.00135803e-05 -3.87430191e-06]
 [ 9.99993467e-01 -9.00030136e-06 -3.99351120e-06]
 [-6.70924783e-06 -8.88109207e-06  9.99995828e-01]
 [-7.29132444e-06 -1.01923943e-05  9.99997675e-01]
 [-6.45313412e-06  9.99990344e-01 -4.17232513e-06]
 [ 9.99993317e-01 -8.34465027e-06 -4.41074371e-06]
 [-7.41798431e-06  9.99988258e-01 -2.38418579e-06]
 [-7.11996108e-06  9.99990463e-01 -3.27825546e-06]
 [-7.09109008e-06  9.99990106e-01 -2.86102295e-06]
 [-6.90203160e-06 -9.17911530e-06  9.99996066e-01]
 [-6.81914389e-06 -1.00731850e-05  9.99996245e-01]
 [ 9.99992262e-01 -1.05500221e-05 -2.56299973e-06]
 [ 9.99992570e-01 -1.15633011e-05 -2.44379044e-06]
 [ 9.99993023e-01 -1.02519989e-05 -4.58955765e-06]
 [ 9.99992862e-01 -1.02519989e-05 -2.56299973e-06]
 [-7.24289566e-06  9.99989331e-01 -3.21865082e-06]
 [-7.07805157e-06 -1.11460686e-05  9.99997973e-01]
 [-7.11251050e-06 -8.52346420e-06  9.99995112e-01]
 [-7.37234950e-06 -9.41753387e-06  9.99996543e-01]
 [-6.81448728e-06 -7.92741776e-06  9.99994934e-01]
 [ 9.99992824e-01 -1.10268593e-05 -4.05311584e-06]
 [-6.75488263e-06 -1.08480453e-05  9.99995112e-01]
 [-6.91600144e-06  9.99988794e-01 -3.09944153e-06]
 [-7.44592398e-06  9.99989808e-01 -2.02655792e-06]
 [-7.52974302e-06 -1.38282776e-05  1.00000030e+00]
 [ 9.99992612e-01 -8.64267349e-06 -3.15904617e-06]
 [ 9.99992907e-01 -9.95397568e-06 -5.06639481e-06]
 [ 9.99992899e-01 -1.19209290e-05 -2.08616257e-06]
 [-7.36024231e-06 -1.55568123e-05  1.00000197e+00]
 [-7.11902976e-06  9.99990582e-01 -5.42402267e-06]
 [-6.90761954e-06 -1.11460686e-05  9.99996841e-01]
 [-7.02403486e-06 -8.82148743e-06  9.99995232e-01]
 [-7.03427941e-06 -1.01923943e-05  9.99996781e-01]
 [-7.02682883e-06 -7.80820847e-06  9.99996662e-01]
 [ 9.99993042e-01 -1.09672546e-05 -2.92062759e-06]
 [-7.33789057e-06 -1.08480453e-05  9.99996841e-01]
 [-7.12648034e-06  9.99989390e-01 -1.25169754e-06]
 [-6.88526779e-06 -6.79492950e-06  9.99995112e-01]
 [ 9.99992367e-01 -8.82148743e-06 -4.70876694e-06]
 [ 9.99993050e-01 -9.29832458e-06 -3.09944153e-06]
 [-7.41053373e-06 -1.07884407e-05  9.99997139e-01]
 [-7.78306276e-06  9.99991357e-01 -3.03983688e-06]
 [-6.92997128e-06  9.99991536e-01 -5.48362732e-06]
 [-7.28759915e-06  9.99988735e-01 -2.50339508e-06]
 [-7.43754208e-06  9.99991298e-01 -5.36441803e-06]
 [-7.31647015e-06  9.99991119e-01 -4.64916229e-06]
 [-7.32485205e-06  9.99988019e-01 -1.78813934e-06]
 [-7.40494579e-06  9.99988496e-01 -3.93390656e-06]
 [-7.02589750e-06  9.99989986e-01 -4.94718552e-06]
 [-7.29691237e-06  9.99989629e-01 -2.62260437e-06]
 [ 9.99992602e-01 -9.95397568e-06 -5.12599945e-06]
 [ 9.99993229e-01 -1.11460686e-05 -1.78813934e-07]
 [ 9.99992790e-01 -1.22785568e-05 -2.26497650e-06]
 [ 9.99992944e-01 -8.40425491e-06 -4.17232513e-06]
 [ 9.99992975e-01 -1.00135803e-05 -4.29153442e-06]
 [-7.68899918e-06 -9.17911530e-06  9.99996006e-01]
 [-7.09574670e-06 -1.07884407e-05  9.99997735e-01]
 [-6.90668821e-06 -1.04904175e-05  9.99997139e-01]
 [-7.46641308e-06  9.99987543e-01  1.78813934e-07]
 [-6.69993460e-06  9.99990582e-01 -5.42402267e-06]
 [-7.30343163e-06 -9.29832458e-06  9.99997497e-01]
 [-6.82380050e-06  9.99990463e-01 -4.17232513e-06]
 [ 9.99992542e-01 -1.08480453e-05 -3.75509262e-06]
 [-7.41612166e-06  9.99989331e-01 -3.81469727e-06]
 [-7.39097595e-06  9.99987900e-01 -2.14576721e-06]
 [ 9.99992860e-01 -1.31130219e-05 -1.90734863e-06]
 [ 9.99992249e-01 -1.11460686e-05 -1.66893005e-06]
 [ 9.99992761e-01 -1.02519989e-05 -1.96695328e-06]
 [ 9.99992830e-01 -9.05990601e-06 -3.51667404e-06]
 [-7.64615834e-06 -1.02519989e-05  9.99997318e-01]
 [ 9.99992548e-01 -1.08480453e-05 -3.63588333e-06]
 [ 9.99993115e-01 -9.65595245e-06 -3.09944153e-06]
 [-7.20564276e-06 -9.00030136e-06  9.99997437e-01]
 [ 9.99992613e-01 -9.59634781e-06 -2.38418579e-06]
 [ 9.99993083e-01 -1.05500221e-05 -4.17232513e-06]
 [-7.33230263e-06 -9.05990601e-06  9.99995172e-01]
 [-7.47572631e-06 -1.14440918e-05  9.99998033e-01]
 [-6.91041350e-06  9.99992192e-01 -7.62939453e-06]
 [ 9.99993372e-01 -9.95397568e-06 -4.35113907e-06]
 [ 9.99992800e-01 -1.22189522e-05 -5.96046448e-08]
 [-6.75674528e-06 -1.22785568e-05  9.99998510e-01]
 [-7.21774995e-06 -1.18017197e-05  9.99997258e-01]
 [-7.31088221e-06 -1.12652779e-05  9.99998331e-01]
 [-7.84080476e-06  9.99989986e-01 -2.38418579e-06]
 [ 9.99992428e-01 -7.56978989e-06 -3.33786011e-06]
 [-7.17584044e-06 -1.06096268e-05  9.99996960e-01]
 [ 9.99992453e-01 -9.83476639e-06 -3.27825546e-06]
 [-7.53346831e-06  9.99987721e-01  5.96046448e-07]
 [ 9.99992790e-01 -1.12056732e-05 -1.90734863e-06]
 [-7.46734440e-06 -1.20401382e-05  9.99997735e-01]
 [-7.51391053e-06 -1.19805336e-05  9.99998808e-01]
 [-7.94138759e-06  9.99988794e-01 -9.53674316e-07]
 [-7.28666782e-06 -1.13844872e-05  9.99997199e-01]
 [-7.20564276e-06 -8.22544098e-06  9.99995053e-01]
 [-6.95139170e-06  9.99990165e-01 -4.23192978e-06]
 [-6.68969005e-06 -1.10268593e-05  9.99998271e-01]
 [-7.11716712e-06 -1.15633011e-05  9.99998093e-01]
 [ 9.99992414e-01 -1.06096268e-05 -1.66893005e-06]
 [ 9.99992671e-01 -8.40425491e-06 -4.23192978e-06]
 [-6.49783760e-06  9.99990821e-01 -6.07967377e-06]
 [-6.99423254e-06  9.99992430e-01 -4.58955765e-06]
 [-7.32019544e-06  9.99990046e-01 -3.81469727e-06]
 [-7.65360892e-06  9.99988079e-01 -1.43051147e-06]
 [-6.89178705e-06 -9.35792923e-06  9.99995530e-01]
 [-6.93742186e-06  9.99989748e-01 -2.86102295e-06]
 [ 9.99992746e-01 -6.97374344e-06 -7.09295273e-06]
 [-7.22520053e-06 -1.10864639e-05  9.99997556e-01]
 [ 9.99993105e-01 -9.47713852e-06 -4.05311584e-06]
 [ 9.99992446e-01 -1.19209290e-05 -1.72853470e-06]
 [-7.29225576e-06 -1.04904175e-05  9.99995887e-01]
 [-7.25220889e-06  9.99990940e-01 -4.47034836e-06]
 [ 9.99993027e-01 -9.17911530e-06 -3.39746475e-06]
 [-7.69644976e-06  9.99989867e-01 -1.07288361e-06]
 [-7.20657408e-06  9.99989271e-01 -2.20537186e-06]]