[[ 9.99999046e-01 -5.24520874e-06 -5.54323196e-06]
 [-1.19209290e-06 -5.36441803e-06  9.99995053e-01]
 [ 9.99999598e-01 -5.90085983e-06 -4.29153442e-06]
 [ 9.99999896e-01 -7.03334808e-06 -3.75509262e-06]
 [-7.45058060e-07  9.99994576e-01 -3.63588333e-06]
 [-2.23517418e-07 -7.45058060e-06  9.99995649e-01]
 [ 4.17232513e-07  9.99991655e-01 -4.94718552e-06]
 [-2.98023224e-07  9.99993742e-01 -4.88758087e-06]
 [-8.49366188e-07  9.99993801e-01 -5.84125519e-06]
 [-1.78813934e-07  9.99994040e-01 -4.64916229e-06]
 [ 9.99999478e-01 -7.27176666e-06 -4.58955765e-06]
 [-1.05798244e-06  9.99993443e-01 -3.81469727e-06]
 [-1.32620335e-06  9.99995947e-01 -6.31809235e-06]
 [-9.08970833e-07 -5.42402267e-06  9.99993742e-01]
 [ 9.99999255e-01 -6.13927841e-06 -4.47034836e-06]
 [ 9.99998778e-01 -5.12599945e-06 -5.60283661e-06]
 [ 9.99999478e-01 -6.73532486e-06 -5.12599945e-06]
 [ 9.99999598e-01 -7.39097595e-06 -5.36441803e-06]
 [ 9.99998957e-01 -5.54323196e-06 -4.11272049e-06]
 [-1.28149986e-06  9.99995351e-01 -5.00679016e-06]
 [-6.55651093e-07 -6.49690628e-06  9.99994993e-01]
 [-7.00354576e-07 -6.02006912e-06  9.99993980e-01]
 [ 9.99998942e-01 -5.30481339e-06 -5.00679016e-06]
 [ 9.99999538e-01 -6.02006912e-06 -5.36441803e-06]
 [-7.00354576e-07 -6.79492950e-06  9.99995172e-01]
 [-3.57627869e-07  9.99992251e-01 -4.58955765e-06]
 [ 9.99999538e-01 -6.61611557e-06 -4.17232513e-06]
 [-2.08616257e-07  9.99994159e-01 -4.35113907e-06]
 [ 1.00000007e+00 -7.86781311e-06 -5.06639481e-06]
 [-9.38773155e-07  9.99994457e-01 -5.12599945e-06]
 [-3.12924385e-07  9.99993503e-01 -5.06639481e-06]
 [ 9.99999791e-01 -5.84125519e-06 -5.00679016e-06]
 [-1.53481960e-06 -6.73532486e-06  9.99995112e-01]
 [-1.49011612e-08 -6.02006912e-06  9.99993384e-01]
 [ 9.99999449e-01 -4.70876694e-06 -6.61611557e-06]
 [-2.23517418e-07  9.99995768e-01 -7.56978989e-06]
 [-4.91738319e-07 -8.58306885e-06  9.99995768e-01]
 [-7.00354576e-07 -8.04662704e-06  9.99996543e-01]
 [-8.19563866e-07  9.99992907e-01 -4.29153442e-06]
 [-9.08970833e-07 -6.07967377e-06  9.99993682e-01]
 [ 9.99999732e-01 -4.94718552e-06 -7.45058060e-06]
 [-1.49011612e-06 -5.72204590e-06  9.99994278e-01]
 [ 9.99999657e-01 -5.66244125e-06 -4.47034836e-06]
 [ 1.49011612e-07  9.99992847e-01 -6.31809235e-06]
 [-7.59959221e-07 -5.96046448e-06  9.99994099e-01]
 [-4.91738319e-07  9.99992669e-01 -4.41074371e-06]
 [-6.40749931e-07  9.99993265e-01 -5.12599945e-06]
 [-4.91738319e-07  9.99993563e-01 -4.11272049e-06]
 [-4.47034836e-08  9.99992490e-01 -3.15904617e-06]
 [-1.04308128e-06  9.99994993e-01 -4.76837158e-06]
 [-5.06639481e-07  9.99994159e-01 -5.36441803e-06]
 [ 9.99999970e-01 -6.67572021e-06 -6.67572021e-06]
 [-1.78813934e-07  9.99993324e-01 -5.24520874e-06]
 [-1.07288361e-06  9.99995530e-01 -5.00679016e-06]
 [ 9.99999329e-01 -5.30481339e-06 -5.12599945e-06]
 [-4.02331352e-07  9.99992967e-01 -4.23192978e-06]
 [-9.98377800e-07 -5.60283661e-06  9.99994397e-01]
 [-6.70552254e-07  9.99993145e-01 -5.84125519e-06]
 [ 9.99999508e-01 -7.92741776e-06 -5.24520874e-06]
 [ 9.99999374e-01 -6.02006912e-06 -5.72204590e-06]
 [ 3.87430191e-07 -5.42402267e-06  9.99992490e-01]
 [ 9.99999747e-01 -6.85453415e-06 -5.30481339e-06]
 [-2.38418579e-07 -5.24520874e-06  9.99993503e-01]
 [ 1.49011612e-07  9.99992311e-01 -5.42402267e-06]
 [ 9.99999389e-01 -7.98702240e-06 -4.17232513e-06]
 [-1.07288361e-06 -4.58955765e-06  9.99992073e-01]
 [-5.66244125e-07 -2.80141830e-06  9.99992013e-01]
 [-1.49011612e-07  9.99995530e-01 -7.98702240e-06]
 [-1.07288361e-06 -6.67572021e-06  9.99996662e-01]
 [ 0.00000000e+00 -6.13927841e-06  9.99993682e-01]
 [-2.98023224e-08  9.99992728e-01 -4.23192978e-06]
 [ 9.99999821e-01 -6.07967377e-06 -4.94718552e-06]
 [-1.10268593e-06 -7.33137131e-06  9.99996185e-01]
 [-1.05798244e-06  9.99994338e-01 -4.82797623e-06]
 [-6.10947609e-07  9.99993026e-01 -4.11272049e-06]
 [ 9.99999568e-01 -5.54323196e-06 -6.85453415e-06]
 [-4.32133675e-07 -4.41074371e-06  9.99993563e-01]
 [-7.00354576e-07 -7.80820847e-06  9.99995470e-01]
 [-4.76837158e-07 -5.24520874e-06  9.99994040e-01]
 [ 9.99999508e-01 -5.90085983e-06 -4.94718552e-06]
 [-1.04308128e-06 -5.36441803e-06  9.99995947e-01]
 [-9.83476639e-07 -5.54323196e-06  9.99994397e-01]
 [-6.70552254e-07 -6.31809235e-06  9.99996483e-01]
 [ 9.99999240e-01 -5.06639481e-06 -5.36441803e-06]
 [-1.63912773e-07 -5.72204590e-06  9.99994278e-01]
 [-5.06639481e-07  9.99993265e-01 -4.64916229e-06]
 [-1.35600567e-06  9.99994338e-01 -6.91413879e-06]
 [-1.46031380e-06  9.99996126e-01 -6.37769699e-06]
 [ 9.99999076e-01 -3.99351120e-06 -6.02006912e-06]
 [ 9.99999151e-01 -8.22544098e-06 -2.44379044e-06]
 [-5.81145287e-07 -5.06639481e-06  9.99993682e-01]
 [-1.04308128e-07 -6.25848770e-06  9.99995172e-01]
 [ 9.99999583e-01 -6.07967377e-06 -5.72204590e-06]
 [ 9.99999017e-01 -6.73532486e-06 -5.30481339e-06]
 [ 1.00000046e+00 -5.96046448e-06 -4.88758087e-06]
 [-8.34465027e-07 -6.37769699e-06  9.99996424e-01]
 [-7.89761543e-07 -5.90085983e-06  9.99995291e-01]
 [-4.17232513e-07  9.99994993e-01 -7.27176666e-06]
 [-3.57627869e-07 -5.36441803e-06  9.99994636e-01]
 [-3.42726707e-07  9.99993145e-01 -5.24520874e-06]
 [-5.81145287e-07 -5.36441803e-06  9.99994636e-01]
 [-4.47034836e-07  9.99992847e-01 -6.61611557e-06]
 [ 9.99999300e-01 -5.48362732e-06 -5.36441803e-06]
 [-4.02331352e-07  9.99991417e-01 -3.93390656e-06]
 [ 9.99998882e-01 -5.48362732e-06 -4.70876694e-06]
 [ 9.99999046e-01 -5.60283661e-06 -6.91413879e-06]
 [-9.53674316e-07 -3.75509262e-06  9.99992907e-01]
 [ 1.00000019e+00 -6.43730164e-06 -6.49690628e-06]
 [-4.02331352e-07 -8.04662704e-06  9.99996245e-01]
 [-6.10947609e-07  9.99993205e-01 -5.60283661e-06]
 [ 8.94069672e-08  9.99993563e-01 -5.54323196e-06]
 [-6.55651093e-07  9.99994040e-01 -6.02006912e-06]
 [ 9.99999627e-01 -5.12599945e-06 -5.18560410e-06]
 [-9.08970833e-07 -5.54323196e-06  9.99995768e-01]
 [-1.10268593e-06 -5.42402267e-06  9.99994814e-01]
 [ 1.04308128e-07 -5.66244125e-06  9.99994576e-01]
 [ 9.99999493e-01 -4.94718552e-06 -5.30481339e-06]
 [-2.98023224e-07 -6.79492950e-06  9.99993742e-01]
 [-1.35600567e-06 -5.00679016e-06  9.99994457e-01]
 [-1.63912773e-07  9.99992073e-01 -3.27825546e-06]
 [-8.79168510e-07 -4.52995300e-06  9.99993682e-01]
 [ 1.00000004e+00 -4.82797623e-06 -6.13927841e-06]
 [ 9.99999136e-01 -6.37769699e-06 -4.11272049e-06]
 [-1.93715096e-07  9.99995947e-01 -7.45058060e-06]
 [ 9.99999434e-01 -6.02006912e-06 -6.25848770e-06]
 [-2.38418579e-07  9.99994516e-01 -5.36441803e-06]
 [-5.66244125e-07 -6.43730164e-06  9.99993801e-01]
 [-1.20699406e-06  9.99995589e-01 -6.19888306e-06]
 [-1.44541264e-06 -4.35113907e-06  9.99993682e-01]
 [ 9.99999300e-01 -5.18560410e-06 -5.84125519e-06]
 [-1.56462193e-06 -6.13927841e-06  9.99995172e-01]
 [-5.81145287e-07 -5.12599945e-06  9.99993324e-01]
 [-5.81145287e-07  9.99993801e-01 -5.60283661e-06]
 [ 9.99999553e-01 -5.06639481e-06 -3.57627869e-06]]