[[-2.54064798e-06 -1.01029873e-05  1.00000194e+00]
 [-2.89827585e-06  9.99989539e-01  2.60770321e-06]
 [-2.65240669e-06 -1.04159117e-05  1.00000250e+00]
 [ 9.99997247e-01 -9.87946987e-06  3.09944153e-06]
 [ 9.99997433e-01 -9.90927219e-06  2.04145908e-06]
 [-2.74553895e-06 -8.95559788e-06  1.00000496e+00]
 [-2.67475843e-06  9.99989927e-01  2.04145908e-06]
 [-2.72691250e-06 -1.06692314e-05  1.00000359e+00]
 [-2.49966979e-06 -1.03265047e-05  1.00000420e+00]
 [ 9.99997426e-01 -8.83638859e-06  2.80141830e-06]
 [-2.69711018e-06 -9.76026058e-06  1.00000481e+00]
 [ 9.99997459e-01 -1.06096268e-05  2.66730785e-06]
 [-2.60770321e-06  9.99991179e-01  3.18884850e-06]
 [-2.63378024e-06 -9.73045826e-06  1.00000429e+00]
 [ 9.99997523e-01 -9.38773155e-06  3.44216824e-06]
 [-2.51457095e-06  9.99989301e-01  4.93228436e-06]
 [-2.55554914e-06  9.99989614e-01  3.24845314e-06]
 [ 9.99997254e-01 -9.50694084e-06  4.23192978e-06]
 [-2.61515379e-06 -9.23871994e-06  1.00000148e+00]
 [ 9.99997340e-01 -1.10268593e-05  3.59117985e-06]
 [ 9.99997500e-01 -9.62615013e-06  3.30805779e-06]
 [-2.65240669e-06  9.99990940e-01  2.96533108e-06]
 [-2.60397792e-06 -8.62777233e-06  1.00000338e+00]
 [-2.61142850e-06  9.99990121e-01  3.75509262e-06]
 [-2.62260437e-06  9.99990463e-01  3.45706940e-06]
 [-2.92435288e-06 -9.70065594e-06  1.00000316e+00]
 [-2.68593431e-06  9.99989748e-01  3.84449959e-06]
 [-2.70083547e-06 -9.67085361e-06  1.00000323e+00]
 [ 9.99997392e-01 -9.43243504e-06  3.48687172e-06]
 [-2.63378024e-06  9.99990433e-01  3.59117985e-06]
 [-2.63005495e-06  9.99991015e-01  3.57627869e-06]
 [-2.83867121e-06 -9.80496407e-06  1.00000395e+00]
 [-2.78651714e-06 -8.67247581e-06  1.00000452e+00]
 [-2.47359276e-06 -1.14291906e-05  1.00000392e+00]
 [ 9.99997325e-01 -1.05798244e-05  4.76837158e-06]
 [-2.77906656e-06 -9.84966755e-06  1.00000353e+00]
 [-2.77906656e-06  9.99989182e-01  4.06801701e-06]
 [-2.87964940e-06 -1.15931034e-05  1.00000462e+00]
 [ 9.99997467e-01 -9.95397568e-06  1.74343586e-06]
 [ 9.99997597e-01 -8.56816769e-06  1.71363354e-06]
 [-2.34693289e-06 -8.49366188e-06  1.00000280e+00]
 [-2.88337469e-06  9.99988571e-01  4.44054604e-06]
 [-2.51457095e-06  9.99990672e-01  3.15904617e-06]
 [-2.69711018e-06 -1.03712082e-05  1.00000390e+00]
 [-2.55927444e-06  9.99991432e-01  2.47359276e-06]
 [-2.22772360e-06 -8.91089439e-06  1.00000222e+00]
 [ 9.99997370e-01 -1.06841326e-05  3.08454037e-06]
 [-2.65613198e-06 -1.16378069e-05  1.00000572e+00]
 [-2.54064798e-06 -1.05053186e-05  1.00000516e+00]
 [ 9.99997482e-01 -1.05947256e-05  3.44216824e-06]
 [-2.58907676e-06 -9.46223736e-06  1.00000323e+00]
 [-2.47731805e-06 -1.09523535e-05  1.00000402e+00]
 [-2.84984708e-06  9.99990553e-01  5.45382500e-06]
 [ 9.99997783e-01 -9.80496407e-06  3.05473804e-06]
 [-2.44006515e-06 -1.06841326e-05  1.00000454e+00]
 [-2.54437327e-06  9.99990568e-01  4.38094139e-06]
 [-2.86474824e-06 -9.62615013e-06  1.00000337e+00]
 [-2.63005495e-06 -1.00880861e-05  1.00000411e+00]
 [-2.45869160e-06  9.99990776e-01  2.47359276e-06]
 [-2.38791108e-06 -9.00030136e-06  1.00000277e+00]
 [-2.56672502e-06 -1.07884407e-05  1.00000399e+00]
 [-2.63378024e-06 -1.11609697e-05  1.00000481e+00]
 [ 9.99997508e-01 -8.43405724e-06  3.90410423e-06]
 [-2.57045031e-06 -8.68737698e-06  1.00000334e+00]
 [-2.56672502e-06  9.99988809e-01  4.09781933e-06]
 [-2.64868140e-06 -1.09672546e-05  1.00000548e+00]
 [-2.93180346e-06  9.99991402e-01  3.21865082e-06]
 [-2.25752592e-06  9.99992505e-01  1.98185444e-06]
 [-2.71946192e-06  9.99989957e-01  4.35113907e-06]
 [-2.46986747e-06 -1.04755163e-05  1.00000383e+00]
 [-2.64123082e-06 -9.62615013e-06  1.00000323e+00]
 [-2.60770321e-06 -1.21742487e-05  1.00000456e+00]
 [-2.71946192e-06  9.99989688e-01  5.09619713e-06]
 [-2.52947211e-06  9.99990568e-01  3.24845314e-06]
 [-2.87219882e-06 -1.07139349e-05  1.00000474e+00]
 [ 9.99997143e-01 -1.05500221e-05  5.30481339e-06]
 [ 9.99997608e-01 -8.04662704e-06  2.25007534e-06]
 [-2.40653753e-06  9.99987870e-01  5.11109829e-06]
 [ 9.99997132e-01 -1.12205744e-05  4.61935997e-06]
 [ 9.99997322e-01 -9.59634781e-06  2.84612179e-06]
 [ 9.99997586e-01 -1.05500221e-05  3.91900539e-06]
 [ 9.99997362e-01 -1.10417604e-05  4.52995300e-06]
 [ 9.99997575e-01 -1.04010105e-05  2.72691250e-06]
 [-2.84984708e-06  9.99989152e-01  3.96370888e-06]
 [-2.46986747e-06  9.99988183e-01  4.47034836e-06]
 [-2.56299973e-06  9.99991328e-01  3.23355198e-06]
 [-2.61142850e-06  9.99992028e-01  1.40070915e-06]
 [-2.58162618e-06 -1.11013651e-05  1.00000545e+00]
 [ 9.99997500e-01 -8.12113285e-06  2.20537186e-06]
 [-2.36183405e-06  9.99991566e-01  2.51829624e-06]
 [-2.56672502e-06 -1.11609697e-05  1.00000411e+00]
 [ 9.99997512e-01 -9.25362110e-06  3.56137753e-06]
 [-2.42516398e-06  9.99989718e-01  4.55975533e-06]
 [-2.32830644e-06  9.99992117e-01  1.63912773e-06]
 [ 9.99996956e-01 -1.13993883e-05  4.58955765e-06]
 [-2.58907676e-06 -9.73045826e-06  1.00000486e+00]
 [ 9.99997489e-01 -1.43200159e-05  5.69224358e-06]
 [-2.58535147e-06  9.99988124e-01  3.97861004e-06]
 [-2.81259418e-06  9.99991119e-01  2.36928463e-06]
 [-2.63378024e-06 -1.02370977e-05  1.00000273e+00]
 [-2.79769301e-06  9.99988705e-01  5.40912151e-06]
 [-2.66730785e-06  9.99990329e-01  1.50501728e-06]
 [ 9.99997552e-01 -6.02006912e-06  5.66244125e-07]
 [-2.47731805e-06 -1.00880861e-05  1.00000374e+00]
 [-2.70456076e-06 -1.09225512e-05  1.00000352e+00]
 [ 9.99997362e-01 -9.64105129e-06  2.98023224e-06]
 [-2.80886889e-06  9.99991119e-01  3.81469727e-06]
 [-2.42516398e-06  9.99989837e-01  1.99675560e-06]
 [ 9.99997504e-01 -9.95397568e-06  3.48687172e-06]
 [-2.65613198e-06  9.99992192e-01  4.45544720e-06]
 [-2.56299973e-06 -1.01625919e-05  1.00000435e+00]
 [-2.55182385e-06 -1.05351210e-05  1.00000292e+00]
 [-2.51084566e-06 -7.97212124e-06  1.00000134e+00]
 [ 9.99997474e-01 -1.02370977e-05  3.47197056e-06]
 [ 9.99997292e-01 -8.59797001e-06  2.83122063e-06]
 [-2.55927444e-06  9.99989972e-01  4.58955765e-06]
 [ 9.99997433e-01 -1.21146441e-05  4.97698784e-06]
 [ 9.99997661e-01 -9.96887684e-06  4.17232513e-06]
 [-2.31340528e-06 -9.64105129e-06  1.00000378e+00]
 [ 9.99997627e-01 -9.22381878e-06  1.81794167e-06]
 [-2.50339508e-06 -7.48038292e-06  1.00000200e+00]
 [ 9.99997426e-01 -8.25524330e-06  2.99513340e-06]
 [ 9.99997228e-01 -9.47713852e-06  4.61935997e-06]
 [ 9.99997508e-01 -8.70227814e-06  1.32620335e-06]
 [-2.68220901e-06  9.99989122e-01  5.02169132e-06]
 [ 9.99997325e-01 -9.04500484e-06  2.11596489e-06]
 [-2.42516398e-06 -1.12950802e-05  1.00000292e+00]
 [-2.57790089e-06 -9.47713852e-06  1.00000240e+00]
 [ 9.99997374e-01 -1.19507313e-05  5.57303429e-06]
 [ 9.99997482e-01 -1.03265047e-05  1.02818012e-06]
 [-2.59652734e-06  9.99990493e-01  2.50339508e-06]
 [-2.76789069e-06  9.99990925e-01  2.47359276e-06]
 [ 9.99997284e-01 -9.58144665e-06  1.98185444e-06]
 [ 9.99997489e-01 -1.03712082e-05  2.83122063e-06]]